0 1
1 2
2 3
3 4
4 5
5 2
6 3
7 4
8 4
9 4
10 4
11 5
12 5
13 5
14 5
15 5
16 6
17 6
18 6
19 6
20 6
21 6
22 7
23 7
24 7
25 7
26 7
27 7
28 7
29 8
30 8
31 8
32 8
33 8
34 8
35 8
36 8
37 9
38 9
39 9
40 9
41 9
42 9
43 9
44 9
45 4
46 5
47 5
48 5
49 5
50 2
51 3
52 3
53 3
54 4
55 4
56 4
57 4
58 5
59 5
60 5
61 5
62 5
63 6
64 6
65 6
66 6
67 6
68 6
69 7
70 7
71 7
72 7
73 7
74 7
75 7
76 8
77 8
78 8
79 8
80 8
81 8
82 8
83 8
84 9
85 9
86 9
87 9
88 9
89 9
90 9
91 9
92 9
93 10
94 10
95 10
96 10
97 10
98 10
99 10
100 10
101 10
102 10
103 11
104 11
105 11
106 11
107 11
108 11
109 11
110 11
111 11
112 11
113 11
114 12
115 12
116 12
117 12
118 12
119 12
120 12
121 12
122 12
123 12
124 12
125 12
126 13
127 13
128 13
129 13
130 13
131 13
132 13
133 13
134 13
135 13
136 13
137 13
138 13
139 14
140 14
141 14
142 14
143 14
144 14
145 14
146 14
147 14
148 14
149 14
150 14
151 14
152 14
153 15
154 15
155 15
156 15
157 15
158 15
159 15
160 15
161 15
162 15
163 15
164 15
165 15
166 15
167 15
168 16
169 16
170 16
171 16
172 16
173 16
174 16
175 16
176 16
177 16
178 16
179 16
180 16
181 16
182 16
183 16
184 17
185 17
186 17
187 17
188 17
189 17
190 17
191 17
192 17
193 17
194 17
195 17
196 17
197 17
198 17
199 17
200 17
201 18
202 18
203 18
204 18
205 18
206 18
207 18
208 18
209 18
210 18
211 18
212 18
213 18
214 18
215 18
216 18
217 18
218 18
219 19
220 19
221 19
222 19
223 19
224 19
225 19
226 19
227 19
228 19
229 19
230 19
231 19
232 19
233 19
234 19
235 19
236 19
237 19
238 20
239 20
240 20
241 20
242 20
243 20
244 20
245 20
246 20
247 20
248 20
249 20
250 20
251 20
252 20
253 20
254 20
255 20
256 20
257 20
258 21
259 21
260 21
261 21
262 21
263 21
264 10
265 10
266 10
267 10
268 10
269 10
270 10
271 10
272 10
273 10
274 10
275 10
276 10
277 10
278 10
279 11
280 11
281 11
282 11
283 11
284 11
285 11
286 11
287 11
288 11
289 11
290 12
291 12
292 12
293 12
294 12
295 12
296 12
297 12
298 12
299 12
300 12
301 12
302 13
303 13
304 13
305 13
306 13
307 13
308 13
309 13
310 13
311 13
312 13
313 13
314 13
315 14
316 14
317 14
318 14
319 14
320 14
321 14
322 14
323 14
324 14
325 14
326 14
327 14
328 14
329 15
330 15
331 15
332 15
333 15
334 15
335 15
336 15
337 15
338 15
339 15
340 15
341 15
342 15
343 15
344 16
345 16
346 16
347 16
348 16
349 16
350 16
351 16
352 16
353 16
354 16
355 16
356 16
357 16
358 16
359 16
360 17
361 17
362 17
363 17
364 17
365 17
366 17
367 17
368 17
369 17
370 17
371 17
372 17
373 17
374 17
375 17
376 17
377 18
378 18
379 18
380 18
381 18
382 18
383 18
384 18
385 18
386 18
387 18
388 18
389 18
390 18
391 18
392 18
393 18
394 18
395 19
396 19
397 19
398 19
399 19
400 19
401 19
402 19
403 19
404 19
405 19
406 19
407 19
408 19
409 19
410 19
411 19
412 19
413 19
414 20
415 20
416 20
417 20
418 20
419 20
420 20
421 20
422 20
423 20
424 20
425 20
426 20
427 20
428 20
429 20
430 20
431 20
432 20
433 20
434 21
435 21
436 21
437 21
438 21
439 21
440 21
441 21
442 21
443 21
444 21
445 21
446 21
447 21
448 21
449 21
450 21
451 21
452 21
453 21
454 21
455 22
456 22
457 22
458 22
459 22
460 22
461 22
462 22
463 22
464 22
465 22
466 22
467 22
468 22
469 22
470 22
471 22
472 22
473 22
474 22
475 22
476 22
477 23
478 23
479 23
480 23
481 23
482 23
483 23
484 23
485 23
486 23
487 23
488 23
489 23
490 23
491 23
492 23
493 23
494 23
495 23
496 23
497 23
498 23
499 23
500 24
501 24
502 24
503 24
504 24
505 24
506 24
507 24
508 24
509 24
510 24
511 24
512 24
513 24
514 24
515 24
516 24
517 24
518 24
519 24
520 24
521 24
522 24
523 24
524 25
525 25
526 25
527 25
528 25
529 25
530 25
531 25
532 25
533 25
534 25
535 25
536 25
537 25
538 25
539 25
540 25
541 25
542 25
543 25
544 25
545 25
546 25
547 25
548 25
549 26
550 26
551 26
552 26
553 26
554 26
555 26
556 26
557 26
558 26
559 26
560 26
561 26
562 26
563 26
564 26
565 26
566 26
567 26
568 2
569 3
570 4
571 5
572 6
573 7
574 8
575 9
576 10
577 11
578 12
579 13
580 14
581 15
582 16
583 17
584 18
585 18
586 18
587 18
588 18
589 18
590 18
591 18
592 18
593 18
594 18
595 18
596 18
597 18
598 18
599 18
600 18
601 18
602 19
603 19
604 19
605 19
606 19
607 19
608 19
609 19
610 19
611 19
612 19
613 19
614 19
615 19
616 19
617 19
618 19
619 19
620 19
621 20
622 20
623 20
624 20
625 20
626 20
627 20
628 20
629 20
630 20
631 20
632 20
633 20
634 20
635 20
636 20
637 20
638 20
639 20
640 20
641 21
642 21
643 21
644 21
645 21
646 21
647 21
648 21
649 21
650 21
651 21
652 21
653 21
654 21
655 21
656 21
657 21
658 21
659 21
660 21
661 21
662 11
663 11
664 11
665 11
666 11
667 11
668 11
669 11
670 11
671 11
672 11
673 12
674 12
675 12
676 12
677 12
678 12
679 12
680 12
681 12
682 12
683 12
684 12
685 13
686 13
687 13
688 13
689 13
690 13
691 13
692 13
693 13
694 13
695 13
696 13
697 13
698 14
699 14
700 14
701 14
702 14
703 14
704 14
705 14
706 14
707 14
708 14
709 14
710 14
711 14
712 15
713 15
714 15
715 15
716 15
717 15
718 15
719 2
720 3
721 4
722 5
723 6
724 7
725 8
726 9
727 10
728 10
729 10
730 10
731 10
732 10
733 10
734 10
735 10
736 10
737 11
738 11
739 11
740 11
741 11
742 11
743 11
744 11
745 11
746 11
747 11
748 12
749 12
750 6
751 6
752 6
753 6
754 6
755 6
756 6
757 6
758 6
759 6
760 7
761 7
762 7
763 7
764 7
765 7
766 7
767 8
768 8
769 8
770 8
771 8
772 8
773 8
774 8
775 9
776 9
777 9
778 9
779 9
780 9
781 9
782 9
783 9
784 10
785 10
786 10
787 10
788 10
789 10
790 10
791 10
792 10
793 10
794 11
795 11
796 11
797 11
798 11
799 11
800 11
801 11
802 11
803 11
804 11
805 12
806 12
807 12
808 12
809 12
810 12
811 12
812 12
813 12
814 12
815 12
816 12
817 13
818 13
819 13
820 13
821 13
822 13
823 13
824 13
825 13
826 6
827 6
828 6
829 6
830 7
831 7
832 7
833 7
834 7
835 7
836 7
837 8
838 8
839 8
840 8
841 8
842 8
843 8
844 8
845 9
846 9
847 9
848 9
849 9
850 9
851 9
852 9
853 9
854 10
855 10
856 10
857 10
858 10
859 10
860 10
861 10
862 10
863 10
864 11
865 11
866 11
867 11
868 11
869 11
870 11
871 11
872 11
873 11
874 11
875 12
876 12
877 12
878 12
879 12
880 12
881 12
882 12
883 12
884 12
885 12
886 12
887 13
888 13
889 13
890 13
891 13
892 13
893 13
894 13
895 13
896 13
897 13
898 13
899 13
900 14
901 14
902 14
903 14
904 14
905 14
906 14
907 14
908 14
909 14
910 14
911 14
912 14
913 14
914 15
915 15
916 15
917 15
918 15
919 15
920 15
921 15
922 15
923 15
924 15
925 15
926 15
927 15
928 15
929 16
930 16
931 16
932 16
933 16
934 16
935 16
936 16
937 16
938 16
939 16
940 16
941 16
942 16
943 16
944 16
945 17
946 17
947 17
948 17
949 17
950 17
951 17
952 17
953 17
954 17
955 17
956 17
957 17
958 17
959 17
960 17
961 17
962 18
963 18
964 18
965 18
966 18
967 18
968 18
969 18
970 18
971 18
972 18
973 9
974 9
975 9
976 9
977 9
978 9
979 9
980 10
981 10
982 5
983 5
984 5
985 5
986 5
987 5
988 5
989 5
990 6
991 6
992 6
993 6
994 6
995 6
996 7
997 7
998 7
999 7
1000 7
1001 7
1002 7
1003 8
1004 8
1005 8
1006 8
1007 8
1008 8
1009 8
1010 8
1011 9
1012 9
1013 9
1014 9
1015 9
1016 9
1017 9
1018 9
1019 9
1020 10
1021 10
1022 10
1023 10
1024 10
1025 10
1026 10
1027 10
1028 10
1029 10
1030 11
1031 11
1032 11
1033 11
1034 5
1035 5
1036 5
1037 5
1038 5
1039 5
1040 5
1041 6
1042 6
1043 6
1044 6
1045 6
1046 6
1047 7
1048 7
1049 7
1050 7
1051 7
1052 7
1053 7
1054 8
1055 8
1056 8
1057 8
1058 8
1059 8
1060 8
1061 8
1062 9
1063 9
1064 9
1065 9
1066 9
1067 9
1068 9
1069 9
1070 9
1071 10
1072 10
1073 10
1074 10
1075 10
1076 10
1077 10
1078 10
1079 10
1080 10
1081 11
1082 11
1083 11
1084 11
1085 11
1086 11
1087 11
1088 11
1089 11
1090 11
1091 11
1092 12
1093 12
1094 12
1095 12
1096 12
1097 12
1098 12
1099 12
1100 12
1101 12
1102 12
1103 12
1104 13
1105 13
1106 13
1107 13
1108 13
1109 13
1110 13
1111 13
1112 13
1113 13
1114 13
1115 13
1116 13
1117 14
1118 14
1119 14
1120 14
1121 14
1122 14
1123 14
1124 14
1125 14
1126 14
1127 14
1128 14
1129 14
1130 14
1131 15
1132 15
1133 15
1134 15
1135 15
1136 15
1137 15
1138 15
1139 15
1140 15
1141 15
1142 15
1143 15
1144 15
1145 15
1146 16
1147 16
1148 16
1149 16
1150 16
1151 16
1152 16
1153 16
1154 16
1155 16
1156 16
1157 16
1158 16
1159 16
1160 16
1161 16
1162 17
1163 17
1164 17
1165 17
1166 17
1167 17
1168 17
1169 17
1170 17
1171 17
1172 17
1173 17
1174 17
1175 17
1176 17
1177 17
1178 17
1179 18
1180 18
1181 18
1182 18
1183 18
1184 18
1185 18
1186 18
1187 18
1188 18
1189 18
1190 18
1191 18
1192 18
1193 18
1194 18
1195 18
1196 18
1197 19
1198 19
1199 19
1200 19
1201 19
1202 19
1203 19
1204 19
1205 19
1206 19
1207 19
1208 19
1209 19
1210 19
1211 19
1212 19
1213 19
1214 19
1215 19
1216 20
1217 20
1218 20
1219 20
1220 20
1221 20
1222 20
1223 20
1224 20
1225 20
1226 20
1227 20
1228 20
1229 20
1230 20
1231 20
1232 20
1233 20
1234 20
1235 20
1236 21
1237 21
1238 21
1239 21
1240 21
1241 21
1242 21
1243 21
1244 21
1245 21
1246 21
1247 21
1248 21
1249 21
1250 21
1251 21
1252 21
1253 21
1254 21
1255 21
1256 21
1257 22
1258 22
1259 22
1260 22
1261 22
1262 22
1263 22
1264 22
1265 22
1266 22
1267 22
1268 22
1269 22
1270 22
1271 22
1272 22
1273 22
1274 22
1275 22
1276 22
1277 22
1278 22
1279 23
1280 23
1281 23
1282 23
1283 23
1284 23
1285 23
1286 23
1287 23
1288 23
1289 23
1290 23
1291 23
1292 23
1293 23
1294 23
1295 23
1296 23
1297 23
1298 23
1299 23
1300 23
1301 23
1302 24
1303 24
1304 24
1305 24
1306 24
1307 24
1308 24
1309 24
1310 24
1311 24
1312 24
1313 24
1314 24
1315 24
1316 24
1317 24
1318 24
1319 24
1320 24
1321 24
1322 24
1323 24
1324 24
1325 24
1326 25
1327 25
1328 25
1329 25
1330 25
1331 25
1332 25
1333 25
1334 25
1335 25
1336 25
1337 25
1338 25
1339 25
1340 25
1341 25
1342 25
1343 25
1344 25
1345 25
1346 25
1347 25
1348 25
1349 25
1350 25
1351 26
1352 26
1353 26
1354 26
1355 26
1356 26
1357 26
1358 26
1359 26
1360 26
1361 26
1362 26
1363 26
1364 26
1365 26
1366 26
1367 26
1368 26
1369 26
1370 26
1371 26
1372 26
1373 26
1374 26
1375 26
1376 26
1377 27
1378 27
1379 27
1380 27
1381 27
1382 27
1383 27
1384 27
1385 27
1386 27
1387 27
1388 27
1389 27
1390 27
1391 27
1392 27
1393 27
1394 27
1395 27
1396 27
1397 27
1398 27
1399 27
1400 27
1401 27
1402 27
1403 27
1404 28
1405 28
1406 28
1407 28
1408 28
1409 28
1410 28
1411 28
1412 28
1413 28
1414 28
1415 28
1416 28
1417 28
1418 28
1419 28
1420 28
1421 28
1422 28
1423 28
1424 28
1425 28
1426 28
1427 28
1428 28
1429 28
1430 28
1431 28
1432 29
1433 29
1434 29
1435 29
1436 29
1437 29
1438 29
1439 29
1440 29
1441 29
1442 29
1443 29
1444 29
1445 29
1446 29
1447 29
1448 29
1449 29
1450 29
1451 29
1452 29
1453 29
1454 29
1455 29
1456 29
1457 29
1458 29
1459 29
1460 29
1461 30
1462 30
1463 30
1464 30
1465 30
1466 30
1467 30
1468 30
1469 30
1470 30
1471 30
1472 30
1473 30
1474 30
1475 30
1476 30
1477 30
1478 30
1479 30
1480 30
1481 30
1482 30
1483 30
1484 30
1485 30
1486 30
1487 30
1488 30
1489 30
1490 30
1491 31
1492 31
1493 31
1494 31
1495 31
1496 31
1497 31
1498 31
1499 31
1500 31
1501 31
1502 31
1503 31
1504 31
1505 31
1506 31
1507 31
1508 31
1509 31
1510 31
1511 31
1512 31
1513 31
1514 31
1515 31
1516 31
1517 31
1518 31
1519 31
1520 31
1521 31
1522 32
1523 32
1524 32
1525 32
1526 32
1527 32
1528 32
1529 16
1530 16
1531 16
1532 16
1533 16
1534 16
1535 16
1536 16
1537 16
1538 16
1539 16
1540 16
1541 16
1542 8
1543 8
1544 8
1545 8
1546 8
1547 8
1548 8
1549 8
1550 8
1551 8
1552 8
1553 8
1554 9
1555 9
1556 9
1557 9
1558 9
1559 9
1560 9
1561 9
1562 9
1563 10
1564 10
1565 10
1566 10
1567 10
1568 10
1569 10
1570 10
1571 10
1572 10
1573 11
1574 11
1575 11
1576 11
1577 11
1578 11
1579 11
1580 11
1581 11
1582 11
1583 11
1584 12
1585 12
1586 12
1587 12
1588 12
1589 12
1590 12
1591 12
1592 12
1593 12
1594 12
1595 12
1596 13
1597 13
1598 13
1599 13
1600 13
1601 13
1602 13
1603 13
1604 13
1605 13
1606 13
1607 13
1608 13
1609 14
1610 14
1611 14
1612 14
1613 14
1614 14
1615 14
1616 14
1617 14
1618 14
1619 14
1620 14
1621 14
1622 14
1623 15
1624 15
1625 15
1626 15
1627 15
1628 15
1629 15
1630 15
1631 15
1632 15
1633 15
1634 15
1635 15
1636 15
1637 15
1638 16
1639 16
1640 16
1641 16
1642 16
1643 16
1644 16
1645 16
1646 16
1647 16
1648 16
1649 16
1650 16
1651 16
1652 16
1653 16
1654 17
1655 17
1656 17
1657 17
1658 17
1659 17
1660 17
1661 17
1662 17
1663 17
1664 17
1665 17
1666 17
1667 17
1668 17
1669 17
1670 17
1671 18
1672 18
1673 18
1674 18
1675 18
1676 18
1677 9
1678 9
1679 9
1680 9
1681 9
1682 9
1683 9
1684 9
1685 9
1686 9
1687 9
1688 9
1689 10
1690 10
1691 10
1692 10
1693 10
1694 10
1695 10
1696 10
1697 10
1698 10
1699 11
1700 11
1701 11
1702 11
1703 11
1704 11
1705 11
1706 11
1707 11
1708 11
1709 11
1710 12
1711 12
1712 12
1713 12
1714 12
1715 12
1716 12
1717 12
1718 12
1719 12
1720 12
1721 12
1722 13
1723 13
1724 13
1725 13
1726 13
1727 13
1728 13
1729 13
1730 13
1731 13
1732 13
1733 13
1734 13
1735 14
1736 14
1737 14
1738 14
1739 14
1740 14
1741 14
1742 14
1743 14
1744 14
1745 14
1746 14
1747 14
1748 14
1749 15
1750 15
1751 15
1752 15
1753 15
1754 15
1755 15
1756 15
1757 15
1758 15
1759 15
1760 15
1761 15
1762 15
1763 15
1764 16
1765 16
1766 16
1767 16
1768 16
1769 16
1770 16
1771 16
1772 16
1773 16
1774 16
1775 16
1776 16
1777 16
1778 16
1779 16
1780 17
1781 17
1782 17
1783 17
1784 17
1785 17
1786 17
1787 17
1788 17
1789 17
1790 17
1791 17
1792 17
1793 17
1794 17
1795 17
1796 17
1797 18
1798 18
1799 18
1800 18
1801 18
1802 18
1803 18
1804 18
1805 18
1806 18
1807 18
1808 18
1809 18
1810 18
1811 18
1812 18
1813 18
1814 18
1815 19
1816 19
1817 19
1818 19
1819 19
1820 19
1821 19
1822 19
1823 19
1824 19
1825 19
1826 19
1827 19
1828 19
1829 19
1830 19
1831 19
1832 19
1833 19
1834 20
1835 20
1836 20
1837 20
1838 20
1839 20
1840 20
1841 20
1842 20
1843 20
1844 20
1845 20
1846 20
1847 20
1848 20
1849 20
1850 20
1851 20
1852 20
1853 20
1854 21
1855 21
1856 21
1857 21
1858 21
1859 21
1860 21
1861 21
1862 21
1863 21
1864 21
1865 21
1866 21
1867 21
1868 21
1869 21
1870 21
1871 21
1872 21
1873 21
1874 21
1875 22
1876 22
1877 22
1878 22
1879 22
1880 22
1881 22
1882 22
1883 22
1884 22
1885 22
1886 22
1887 22
1888 22
1889 22
1890 22
1891 22
1892 22
1893 11
1894 11
1895 11
1896 11
1897 12
1898 12
1899 12
1900 12
1901 12
1902 12
1903 12
1904 12
1905 12
1906 12
1907 12
1908 12
1909 13
1910 13
1911 13
1912 13
1913 13
1914 13
1915 13
1916 13
1917 13
1918 13
1919 13
1920 13
1921 13
1922 14
1923 14
1924 14
1925 14
1926 14
1927 14
1928 14
1929 14
1930 14
1931 14
1932 14
1933 14
1934 14
1935 14
1936 15
1937 15
1938 15
1939 15
1940 15
1941 15
1942 15
1943 15
1944 15
1945 15
1946 15
1947 15
1948 15
1949 15
1950 15
1951 16
1952 16
1953 16
1954 16
1955 16
1956 16
1957 16
1958 16
1959 16
1960 16
1961 16
1962 8
1963 8
1964 8
1965 8
1966 8
1967 9
1968 9
1969 9
1970 9
1971 9
1972 9
1973 9
1974 9
1975 9
1976 10
1977 10
1978 10
1979 10
1980 10
1981 10
1982 10
1983 10
1984 10
1985 10
1986 11
1987 11
1988 11
1989 11
1990 11
1991 11
1992 11
1993 11
1994 11
1995 11
1996 11
1997 12
1998 12
1999 12
2000 12
2001 12
2002 12
2003 12
2004 12
2005 12
2006 12
2007 12
2008 12
2009 13
2010 13
2011 13
2012 13
2013 13
2014 13
2015 13
2016 13
2017 13
2018 13
2019 13
2020 13
2021 13
2022 14
2023 14
2024 14
2025 14
2026 14
2027 14
2028 14
2029 14
2030 14
2031 14
2032 14
2033 14
2034 14
2035 14
2036 15
2037 15
2038 15
2039 15
2040 15
2041 15
2042 15
2043 15
2044 15
2045 15
2046 15
2047 15
2048 15
2049 15
2050 15
2051 16
2052 16
2053 16
2054 16
2055 8
2056 8
2057 8
2058 8
2059 8
2060 8
2061 8
2062 8
2063 8
2064 8
2065 8
2066 8
2067 9
2068 9
2069 9
2070 9
2071 9
2072 9
2073 9
2074 9
2075 9
2076 10
2077 10
2078 10
2079 10
2080 10
2081 10
2082 10
2083 10
2084 10
2085 10
2086 11
2087 11
2088 11
2089 11
2090 11
2091 11
2092 11
2093 11
2094 11
2095 11
2096 11
2097 12
2098 12
2099 12
2100 12
2101 12
2102 12
2103 12
2104 12
2105 12
2106 12
2107 12
2108 12
2109 13
2110 13
2111 13
2112 13
2113 13
2114 13
2115 13
2116 13
2117 13
2118 13
2119 13
2120 13
2121 13
2122 14
2123 14
2124 14
2125 14
2126 14
2127 14
2128 14
2129 14
2130 14
2131 14
2132 14
2133 14
2134 14
2135 14
2136 15
2137 15
2138 15
2139 15
2140 15
2141 15
2142 15
2143 15
2144 15
2145 15
2146 15
2147 15
2148 15
2149 15
2150 15
2151 16
2152 16
2153 16
2154 16
2155 16
2156 16
2157 16
2158 16
2159 16
2160 16
2161 16
2162 16
2163 16
2164 16
2165 16
2166 16
2167 17
2168 17
2169 17
2170 17
2171 17
2172 17
2173 17
2174 17
2175 17
2176 17
2177 17
2178 17
2179 17
2180 17
2181 17
2182 17
2183 17
2184 18
2185 18
2186 18
2187 18
2188 18
2189 18
2190 18
2191 18
2192 18
2193 18
2194 18
2195 18
2196 18
2197 18
2198 18
2199 18
2200 18
2201 18
2202 19
2203 19
2204 19
2205 19
2206 2
2207 3
2208 4
2209 5
2210 6
2211 7
2212 8
2213 9
2214 10
2215 11
2216 12
2217 13
2218 14
2219 15
2220 16
2221 17
2222 17
2223 17
2224 17
2225 17
2226 17
2227 17
2228 17
2229 17
2230 17
2231 17
2232 17
2233 17
2234 17
2235 17
2236 17
2237 17
2238 18
2239 18
2240 18
2241 18
2242 18
2243 18
2244 18
2245 18
2246 18
2247 18
2248 18
2249 18
2250 18
2251 18
2252 18
2253 18
2254 18
2255 18
2256 19
2257 19
2258 19
2259 19
2260 19
2261 19
2262 19
2263 19
2264 19
2265 19
2266 19
2267 19
2268 19
2269 19
2270 19
2271 19
2272 19
2273 19
2274 19
2275 20
2276 20
2277 20
2278 20
2279 20
2280 20
2281 20
2282 20
2283 20
2284 20
2285 20
2286 20
2287 20
2288 20
2289 20
2290 20
2291 20
2292 20
2293 20
2294 20
2295 21
2296 21
2297 21
2298 21
2299 21
2300 21
2301 21
2302 21
2303 21
2304 21
2305 21
2306 21
2307 21
2308 21
2309 21
2310 21
2311 21
2312 21
2313 21
2314 21
2315 21
2316 22
2317 22
2318 22
2319 22
2320 22
2321 22
2322 22
2323 22
2324 22
2325 22
2326 22
2327 22
2328 22
2329 22
2330 22
2331 22
2332 22
2333 22
2334 22
2335 22
2336 22
2337 22
2338 23
2339 23
2340 23
2341 23
2342 23
2343 23
2344 23
2345 23
2346 23
2347 11
2348 11
2349 11
2350 11
2351 11
2352 11
2353 11
2354 11
2355 11
2356 11
2357 11
2358 11
2359 11
2360 11
2361 12
2362 12
2363 12
2364 12
2365 12
2366 12
2367 12
2368 12
2369 12
2370 12
2371 12
2372 12
2373 13
2374 13
2375 13
2376 13
2377 13
2378 13
2379 13
2380 13
2381 13
2382 13
2383 13
2384 13
2385 13
2386 14
2387 14
2388 14
2389 14
2390 14
2391 14
2392 14
2393 14
2394 14
2395 14
2396 14
2397 14
2398 14
2399 14
2400 15
2401 15
2402 15
2403 15
2404 15
2405 15
2406 15
2407 15
2408 15
2409 15
2410 15
2411 15
2412 15
2413 15
2414 15
2415 16
2416 16
2417 16
2418 16
2419 16
2420 16
2421 16
2422 16
2423 16
2424 16
2425 16
2426 16
2427 16
2428 16
2429 16
2430 16
2431 17
2432 17
2433 17
2434 17
2435 17
2436 17
2437 17
2438 17
2439 17
2440 17
2441 17
2442 17
2443 17
2444 17
2445 17
2446 17
2447 17
2448 18
2449 18
2450 18
2451 18
2452 18
2453 18
2454 18
2455 18
2456 18
2457 18
2458 18
2459 18
2460 18
2461 18
2462 18
2463 18
2464 18
2465 18
2466 19
2467 19
2468 19
2469 19
2470 19
2471 19
2472 19
2473 19
2474 19
2475 19
2476 19
2477 19
2478 19
2479 19
2480 19
2481 19
2482 19
2483 19
2484 19
2485 20
2486 20
2487 20
2488 20
2489 20
2490 20
2491 20
2492 20
2493 20
2494 20
2495 20
2496 20
2497 20
2498 20
2499 20
2500 20
2501 20
2502 20
2503 20
2504 20
2505 21
2506 21
2507 21
2508 21
2509 21
2510 21
2511 21
2512 21
2513 21
2514 21
2515 21
2516 21
2517 21
2518 21
2519 21
2520 21
2521 21
2522 10
2523 10
2524 10
2525 10
2526 11
2527 11
2528 11
2529 11
2530 11
2531 11
2532 11
2533 11
2534 11
2535 11
2536 11
2537 12
2538 12
2539 12
2540 12
2541 12
2542 12
2543 12
2544 12
2545 12
2546 12
2547 12
2548 12
2549 13
2550 13
2551 13
2552 13
2553 13
2554 13
2555 13
2556 13
2557 13
2558 13
2559 13
2560 13
2561 13
2562 14
2563 14
2564 14
2565 14
2566 14
2567 14
2568 14
2569 14
2570 14
2571 14
2572 14
2573 14
2574 14
2575 14
2576 15
2577 15
2578 15
2579 15
2580 15
2581 15
2582 15
2583 15
2584 15
2585 15
2586 15
2587 15
2588 15
2589 15
2590 15
2591 16
2592 16
2593 16
2594 16
2595 16
2596 16
2597 16
2598 16
2599 16
2600 16
2601 16
2602 16
2603 16
2604 16
2605 16
2606 16
2607 17
2608 17
2609 17
2610 17
2611 8
2612 8
2613 8
2614 8
2615 8
2616 8
2617 8
2618 8
2619 8
2620 8
2621 8
2622 8
2623 8
2624 9
2625 9
2626 9
2627 9
2628 2
2629 3
2630 4
2631 5
2632 6
2633 7
2634 7
2635 7
2636 7
2637 7
2638 7
2639 7
2640 8
2641 8
2642 8
2643 4
2644 4
2645 4
2646 4
2647 4
2648 5
2649 5
2650 5
2651 5
2652 5
2653 6
2654 6
2655 6
2656 6
2657 6
2658 6
2659 7
2660 7
2661 7
2662 7
2663 7
2664 7
2665 7
2666 8
2667 8
2668 8
2669 8
2670 8
2671 8
2672 8
2673 8
2674 9
2675 9
2676 4
2677 4
2678 4
2679 4
2680 4
2681 4
2682 4
2683 5
2684 5
2685 5
2686 5
2687 5
2688 6
2689 6
2690 6
2691 6
2692 6
2693 6
2694 7
2695 7
2696 7
2697 7
2698 7
2699 7
2700 7
2701 8
2702 8
2703 8
2704 8
2705 8
2706 8
2707 8
2708 8
2709 9
2710 9
2711 9
2712 9
2713 9
2714 9
2715 9
2716 9
2717 9
2718 10
2719 10
2720 10
2721 10
2722 10
2723 10
2724 10
2725 10
2726 10
2727 10
2728 11
2729 11
2730 11
2731 11
2732 11
2733 11
2734 11
2735 11
2736 11
2737 11
2738 11
2739 12
2740 12
2741 12
2742 12
2743 12
2744 12
2745 12
2746 12
2747 12
2748 12
2749 12
2750 12
2751 13
2752 13
2753 13
2754 13
2755 13
2756 13
2757 13
2758 13
2759 13
2760 13
2761 13
2762 13
2763 13
2764 14
2765 14
2766 14
2767 14
2768 14
2769 14
2770 14
2771 14
2772 14
2773 14
2774 14
2775 14
2776 14
2777 14
2778 15
2779 15
2780 15
2781 15
2782 15
2783 15
2784 15
2785 15
2786 15
2787 15
2788 15
2789 15
2790 15
2791 15
2792 15
2793 16
2794 16
2795 16
2796 16
2797 16
2798 16
2799 16
2800 16
2801 16
2802 16
2803 16
2804 16
2805 16
2806 16
2807 16
2808 16
2809 17
2810 17
2811 17
2812 17
2813 17
2814 17
2815 17
2816 17
2817 17
2818 17
2819 17
2820 17
2821 17
2822 17
2823 17
2824 17
2825 17
2826 18
2827 18
2828 18
2829 18
2830 18
2831 18
2832 18
2833 18
2834 18
2835 18
2836 18
2837 18
2838 18
2839 18
2840 18
2841 18
2842 18
2843 18
2844 19
2845 19
2846 19
2847 19
2848 19
2849 19
2850 19
2851 19
2852 19
2853 19
2854 19
2855 19
2856 19
2857 19
2858 19
2859 19
2860 19
2861 19
2862 19
2863 20
2864 20
2865 20
2866 20
2867 20
2868 20
2869 20
2870 20
2871 20
2872 20
2873 20
2874 20
2875 20
2876 20
2877 20
2878 20
2879 20
2880 20
2881 20
2882 20
2883 21
2884 21
2885 21
2886 21
2887 21
2888 21
2889 21
2890 21
2891 21
2892 21
2893 21
2894 21
2895 21
2896 21
2897 21
2898 21
2899 21
2900 21
2901 21
2902 21
2903 21
2904 22
2905 22
2906 22
2907 22
2908 22
2909 22
2910 22
2911 22
2912 22
2913 22
2914 22
2915 22
2916 22
2917 22
2918 22
2919 22
2920 22
2921 22
2922 22
2923 22
2924 22
2925 22
2926 23
2927 23
2928 23
2929 23
2930 23
2931 23
2932 23
2933 23
2934 23
2935 23
2936 23
2937 23
2938 23
2939 23
2940 23
2941 23
2942 23
2943 23
2944 23
2945 23
2946 23
2947 23
2948 23
2949 24
2950 24
2951 24
2952 24
2953 24
2954 24
2955 24
2956 24
2957 24
2958 24
2959 24
2960 24
2961 24
2962 24
2963 24
2964 24
2965 24
2966 24
2967 24
2968 24
2969 24
2970 24
2971 24
2972 24
2973 25
2974 25
2975 25
2976 25
2977 25
2978 25
2979 25
2980 25
2981 25
2982 25
2983 25
2984 25
2985 25
2986 25
2987 25
2988 25
2989 25
2990 25
2991 25
2992 25
2993 25
2994 25
2995 25
2996 25
2997 25
2998 26
2999 26
3000 26
3001 26
3002 26
3003 26
3004 26
3005 26
3006 26
3007 26
3008 26
3009 26
3010 26
3011 26
3012 26
3013 26
3014 26
3015 26
3016 26
3017 26
3018 26
3019 26
3020 26
3021 26
3022 26
3023 26
3024 27
3025 27
3026 27
3027 27
3028 27
3029 27
3030 27
3031 27
3032 27
3033 27
3034 27
3035 27
3036 27
3037 27
3038 27
3039 27
3040 27
3041 27
3042 27
3043 27
3044 27
3045 27
3046 27
3047 27
3048 27
3049 27
3050 27
3051 28
3052 28
3053 28
3054 28
3055 28
3056 28
3057 28
3058 28
3059 28
3060 28
3061 28
3062 28
3063 28
3064 28
3065 28
3066 28
3067 28
3068 28
3069 28
3070 28
3071 28
3072 28
3073 28
3074 28
3075 28
3076 28
3077 28
3078 28
3079 29
3080 29
3081 29
3082 29
3083 29
3084 29
3085 29
3086 29
3087 29
3088 29
3089 29
3090 29
3091 29
3092 29
3093 29
3094 29
3095 29
3096 29
3097 29
3098 29
3099 29
3100 29
3101 29
3102 29
3103 29
3104 29
3105 29
3106 29
3107 29
3108 30
3109 30
3110 30
3111 30
3112 30
3113 30
3114 30
3115 30
3116 30
3117 30
3118 30
3119 30
3120 30
3121 30
3122 30
3123 30
3124 30
3125 30
3126 30
3127 30
3128 30
3129 30
3130 30
3131 30
3132 30
3133 30
3134 30
3135 30
3136 30
3137 30
3138 31
3139 31
3140 31
3141 31
3142 31
3143 31
3144 31
3145 31
3146 31
3147 31
3148 31
3149 31
3150 31
3151 31
3152 31
3153 31
3154 31
3155 31
3156 31
3157 31
3158 31
3159 31
3160 31
3161 31
3162 31
3163 31
3164 31
3165 31
3166 31
3167 31
3168 31
3169 32
3170 32
3171 32
3172 32
3173 32
3174 32
3175 32
3176 32
3177 32
3178 32
3179 32
3180 16
3181 16
3182 16
3183 16
3184 16
3185 16
3186 16
3187 16
3188 16
3189 16
3190 16
3191 16
3192 16
3193 16
3194 16
3195 16
3196 16
3197 16
3198 16
3199 16
3200 16
3201 2
3202 3
3203 4
3204 5
3205 6
3206 7
3207 8
3208 8
3209 8
3210 8
3211 8
3212 8
3213 8
3214 8
3215 9
3216 9
3217 9
3218 9
3219 9
3220 9
3221 9
3222 9
3223 9
3224 10
3225 10
3226 10
3227 10
3228 10
3229 10
3230 10
3231 10
3232 10
3233 10
3234 11
3235 11
3236 11
3237 11
3238 11
3239 11
3240 11
3241 11
3242 11
3243 11
3244 11
3245 12
3246 12
3247 12
3248 12
3249 12
3250 12
3251 12
3252 12
3253 12
3254 12
3255 12
3256 12
3257 13
3258 13
3259 13
3260 13
3261 13
3262 13
3263 13
3264 13
3265 13
3266 13
3267 13
3268 13
3269 13
3270 14
3271 14
3272 14
3273 14
3274 14
3275 14
3276 14
3277 14
3278 14
3279 14
3280 14
3281 14
3282 14
3283 14
3284 15
3285 15
3286 15
3287 15
3288 15
3289 15
3290 15
3291 15
3292 15
3293 15
3294 15
3295 15
3296 15
3297 15
3298 15
3299 16
3300 16
3301 16
3302 16
3303 16
3304 16
3305 16
3306 16
3307 16
3308 16
3309 16
3310 16
3311 16
3312 16
3313 16
3314 16
3315 17
3316 17
3317 17
3318 17
3319 17
3320 17
3321 17
3322 17
3323 17
3324 17
3325 17
3326 17
3327 17
3328 17
3329 17
3330 17
3331 17
3332 18
3333 18
3334 18
3335 18
3336 18
3337 18
3338 18
3339 18
3340 18
3341 18
3342 18
3343 18
3344 18
3345 18
3346 18
3347 18
3348 18
3349 18
3350 19
3351 19
3352 19
3353 19
3354 19
3355 19
3356 19
3357 19
3358 19
3359 19
3360 19
3361 19
3362 9
3363 9
3364 9
3365 9
3366 9
3367 9
3368 9
3369 10
3370 10
3371 10
3372 10
3373 10
3374 10
3375 10
3376 10
3377 10
3378 10
3379 11
3380 11
3381 11
3382 11
3383 11
3384 11
3385 11
3386 11
3387 11
3388 11
3389 11
3390 12
3391 12
3392 12
3393 12
3394 12
3395 12
3396 12
3397 12
3398 12
3399 12
3400 12
3401 12
3402 13
3403 13
3404 13
3405 13
3406 13
3407 13
3408 13
3409 13
3410 13
3411 13
3412 13
3413 13
3414 13
3415 14
3416 14
3417 14
3418 14
3419 14
3420 14
3421 14
3422 14
3423 14
3424 14
3425 14
3426 14
3427 14
3428 14
3429 15
3430 15
3431 15
3432 15
3433 15
3434 15
3435 15
3436 15
3437 15
3438 15
3439 15
3440 15
3441 15
3442 15
3443 15
3444 16
3445 16
3446 16
3447 16
3448 16
3449 16
3450 16
3451 16
3452 16
3453 16
3454 16
3455 16
3456 16
3457 16
3458 16
3459 16
3460 17
3461 17
3462 17
3463 17
3464 17
3465 17
3466 17
3467 17
3468 17
3469 17
3470 17
3471 17
3472 17
3473 17
3474 17
3475 17
3476 17
3477 18
3478 18
3479 18
3480 18
3481 18
3482 18
3483 18
3484 18
3485 18
3486 18
3487 18
3488 18
3489 18
3490 18
3491 18
3492 18
3493 18
3494 18
3495 19
3496 19
3497 19
3498 19
3499 19
3500 19
3501 19
3502 19
3503 19
3504 19
3505 19
3506 19
3507 19
3508 19
3509 19
3510 19
3511 19
3512 19
3513 19
3514 20
3515 20
3516 20
3517 20
3518 20
3519 20
3520 20
3521 20
3522 20
3523 20
3524 20
3525 20
3526 20
3527 20
3528 20
3529 20
3530 20
3531 20
3532 20
3533 20
3534 21
3535 21
3536 21
3537 21
3538 21
3539 21
3540 21
3541 10
3542 10
3543 10
3544 10
3545 10
3546 10
3547 10
3548 10
3549 10
3550 10
3551 10
3552 10
3553 10
3554 10
3555 11
3556 11
3557 11
3558 11
3559 11
3560 11
3561 11
3562 11
3563 11
3564 11
3565 11
3566 12
3567 12
3568 12
3569 12
3570 12
3571 12
3572 12
3573 12
3574 12
3575 12
3576 12
3577 12
3578 13
3579 13
3580 13
3581 13
3582 13
3583 13
3584 13
3585 13
3586 13
3587 13
3588 13
3589 13
3590 13
3591 14
3592 14
3593 14
3594 14
3595 14
3596 14
3597 14
3598 14
3599 14
3600 14
3601 14
3602 14
3603 14
3604 14
3605 15
3606 15
3607 15
3608 15
3609 15
3610 15
3611 15
3612 15
3613 7
3614 7
3615 7
3616 7
3617 7
3618 7
3619 7
3620 8
3621 8
3622 8
3623 8
3624 8
3625 8
3626 8
3627 8
3628 9
3629 9
3630 9
3631 9
3632 9
3633 9
3634 9
3635 9
3636 9
3637 10
3638 10
3639 10
3640 10
3641 10
3642 10
3643 10
3644 10
3645 10
3646 10
3647 11
3648 11
3649 11
3650 11
3651 11
3652 11
3653 11
3654 5
3655 5
3656 5
3657 5
3658 6
3659 6
3660 6
3661 6
3662 6
3663 6
3664 7
3665 7
3666 7
3667 7
3668 7
3669 7
3670 7
3671 8
3672 8
3673 8
3674 8
3675 8
3676 8
3677 8
3678 8
3679 9
3680 9
3681 9
3682 9
3683 9
3684 9
3685 9
3686 9
3687 9
3688 10
3689 10
3690 10
3691 10
3692 10
3693 10
3694 10
3695 10
3696 10
3697 10
3698 11
3699 11
3700 11
3701 11
3702 11
3703 11
3704 11
3705 11
3706 11
3707 11
3708 11
3709 12
3710 12
3711 12
3712 12
3713 12
3714 12
3715 12
3716 12
3717 12
3718 12
3719 6
3720 6
3721 7
3722 7
3723 7
3724 7
3725 7
3726 7
3727 7
3728 8
3729 8
3730 8
3731 8
3732 8
3733 8
3734 8
3735 8
3736 9
3737 9
3738 9
3739 9
3740 9
3741 9
3742 9
3743 9
3744 9
3745 10
3746 10
3747 10
3748 10
3749 10
3750 10
3751 10
3752 10
3753 10
3754 10
3755 11
3756 11
3757 11
3758 11
3759 11
3760 11
3761 11
3762 11
3763 11
3764 11
3765 11
3766 12
3767 12
3768 12
3769 12
3770 12
3771 12
3772 6
3773 6
3774 6
3775 6
3776 6
3777 6
3778 7
3779 7
3780 7
3781 7
3782 7
3783 7
3784 7
3785 8
3786 4
3787 4
3788 4
3789 4
3790 4
3791 4
3792 4
3793 5
3794 5
3795 5
3796 5
3797 2
3798 3
3799 3
3800 3
3801 4
3802 4
3803 4
3804 4
3805 5
3806 2
3807 2
3808 2
3809 2
3810 3
3811 3
3812 3
3813 4
3814 4
3815 4
3816 4
3817 5
3818 5
3819 5
3820 5
3821 5
3822 6
3823 6
3824 6
3825 6
3826 6
3827 6
3828 7
3829 7
3830 7
3831 7
3832 7
3833 7
3834 7
3835 8
3836 8
3837 8
3838 8
3839 8
3840 8
3841 8
3842 8
3843 9
3844 9
3845 9
3846 9
3847 9
3848 9
3849 9
3850 9
3851 9
3852 10
3853 10
3854 10
3855 10
3856 10
3857 10
3858 10
3859 10
3860 10
3861 10
3862 11
3863 11
3864 11
3865 11
3866 11
3867 11
3868 11
3869 11
3870 11
3871 11
3872 11
3873 12
3874 12
3875 12
3876 12
3877 12
3878 12
3879 12
3880 12
3881 12
3882 12
3883 12
3884 12
3885 13
3886 13
3887 13
3888 13
3889 13
3890 13
3891 13
3892 13
3893 13
3894 13
3895 13
3896 13
3897 13
3898 14
3899 14
3900 14
3901 14
3902 14
3903 14
3904 14
3905 14
3906 14
3907 14
3908 14
3909 14
3910 14
3911 14
3912 15
3913 15
3914 15
3915 15
3916 15
3917 15
3918 15
3919 15
3920 15
3921 15
3922 15
3923 15
3924 15
3925 15
3926 15
3927 16
3928 16
3929 16
3930 16
3931 16
3932 16
3933 16
3934 16
3935 16
3936 16
3937 16
3938 16
3939 16
3940 16
3941 16
3942 16
3943 17
3944 17
3945 17
3946 17
3947 17
3948 17
3949 17
3950 17
3951 17
3952 17
3953 17
3954 17
3955 17
3956 17
3957 17
3958 17
3959 17
3960 18
3961 18
3962 18
3963 18
3964 18
3965 18
3966 18
3967 18
3968 18
3969 18
3970 18
3971 18
3972 18
3973 18
3974 18
3975 18
3976 18
3977 18
3978 19
3979 19
3980 19
3981 19
3982 19
3983 19
3984 19
3985 19
3986 19
3987 19
3988 19
3989 19
3990 19
3991 19
3992 19
3993 19
3994 19
3995 19
3996 19
3997 20
3998 20
3999 20
4000 20
4001 20
4002 20
4003 20
4004 20
4005 20
4006 20
4007 20
4008 20
4009 20
4010 20
4011 20
4012 20
4013 20
4014 20
4015 20
4016 20
4017 21
4018 21
4019 21
4020 21
4021 21
4022 21
4023 21
4024 21
4025 21
4026 21
4027 21
4028 21
4029 21
4030 21
4031 21
4032 21
4033 21
4034 21
4035 21
4036 21
4037 21
4038 22
4039 22
4040 22
4041 22
4042 22
4043 22
4044 22
4045 22
4046 22
4047 22
4048 22
4049 22
4050 22
4051 22
4052 22
4053 22
4054 22
4055 22
4056 22
4057 22
4058 22
4059 22
4060 23
4061 23
4062 23
4063 23
4064 23
4065 23
4066 23
4067 23
4068 23
4069 23
4070 23
4071 23
4072 23
4073 23
4074 23
4075 23
4076 23
4077 23
4078 23
4079 23
4080 23
4081 23
4082 23
4083 24
4084 24
4085 24
4086 24
4087 24
4088 24
4089 24
4090 24
4091 24
4092 24
4093 24
4094 24
4095 24
4096 24
4097 24
4098 24
4099 24
4100 24
4101 24
4102 24
4103 24
4104 24
4105 24
4106 24
4107 25
4108 25
4109 25
4110 25
4111 25
4112 25
4113 25
4114 25
4115 25
4116 25
4117 25
4118 25
4119 25
4120 25
4121 25
4122 25
4123 25
4124 25
4125 25
4126 25
4127 25
4128 25
4129 25
4130 25
4131 25
4132 26
4133 26
4134 26
4135 26
4136 26
4137 26
4138 26
4139 26
4140 26
4141 26
4142 26
4143 26
4144 26
4145 26
4146 26
4147 26
4148 26
4149 26
4150 26
4151 26
4152 26
4153 26
4154 26
4155 26
4156 26
4157 26
4158 27
4159 27
4160 27
4161 27
4162 27
4163 27
4164 27
4165 27
4166 27
4167 27
4168 27
4169 27
4170 27
4171 27
4172 27
4173 27
4174 27
4175 27
4176 27
4177 27
4178 27
4179 27
4180 27
4181 27
4182 27
4183 27
4184 27
4185 28
4186 28
4187 28
4188 28
4189 28
4190 28
4191 28
4192 28
4193 28
4194 28
4195 28
4196 28
4197 28
4198 28
4199 14
4200 14
4201 14
4202 14
4203 14
4204 14
4205 14
4206 14
4207 14
4208 14
4209 14
4210 14
4211 14
4212 14
4213 15
4214 15
4215 15
4216 15
4217 15
4218 15
4219 15
4220 15
4221 15
4222 15
4223 15
4224 15
4225 15
4226 15
4227 15
4228 16
4229 16
4230 16
4231 16
4232 16
4233 16
4234 16
4235 16
4236 16
4237 16
4238 16
4239 16
4240 16
4241 16
4242 16
4243 16
4244 17
4245 17
4246 17
4247 17
4248 17
4249 17
4250 17
4251 17
4252 17
4253 17
4254 17
4255 17
4256 17
4257 17
4258 17
4259 17
4260 17
4261 18
4262 18
4263 18
4264 18
4265 18
4266 18
4267 18
4268 18
4269 18
4270 18
4271 18
4272 18
4273 18
4274 18
4275 18
4276 18
4277 18
4278 18
4279 19
4280 19
4281 19
4282 19
4283 19
4284 19
4285 19
4286 19
4287 19
4288 19
4289 19
4290 19
4291 19
4292 19
4293 19
4294 19
4295 19
4296 19
4297 19
4298 20
4299 20
4300 20
4301 20
4302 20
4303 20
4304 20
4305 20
4306 20
4307 20
4308 20
4309 20
4310 20
4311 20
4312 20
4313 10
4314 10
4315 10
4316 10
4317 10
4318 11
4319 11
4320 11
4321 11
4322 11
4323 11
4324 11
4325 11
4326 11
4327 11
4328 11
4329 12
4330 12
4331 12
4332 12
4333 2
4334 3
4335 4
4336 5
4337 6
4338 7
4339 8
4340 9
4341 10
4342 10
4343 5
4344 5
4345 5
4346 5
4347 5
4348 5
4349 5
4350 5
4351 6
4352 6
4353 6
4354 6
4355 6
4356 6
4357 7
4358 7
4359 7
4360 7
4361 7
4362 7
4363 7
4364 8
4365 8
4366 8
4367 8
4368 8
4369 8
4370 8
4371 8
4372 9
4373 9
4374 9
4375 9
4376 9
4377 9
4378 9
4379 9
4380 9
4381 10
4382 10
4383 10
4384 10
4385 10
4386 10
4387 10
4388 10
4389 10
4390 10
4391 11
4392 11
4393 11
4394 11
4395 11
4396 11
4397 11
4398 11
4399 11
4400 11
4401 11
4402 12
4403 12
4404 12
4405 12
4406 12
4407 12
4408 12
4409 12
4410 12
4411 12
4412 12
4413 12
4414 13
4415 13
4416 13
4417 13
4418 13
4419 13
4420 13
4421 13
4422 13
4423 13
4424 13
4425 13
4426 13
4427 14
4428 14
4429 14
4430 14
4431 14
4432 14
4433 14
4434 14
4435 14
4436 14
4437 14
4438 14
4439 14
4440 14
4441 15
4442 15
4443 15
4444 15
4445 15
4446 15
4447 15
4448 15
4449 15
4450 15
4451 15
4452 15
4453 15
4454 15
4455 15
4456 16
4457 16
4458 16
4459 16
4460 16
4461 16
4462 16
4463 16
4464 16
4465 16
4466 16
4467 16
4468 16
4469 16
4470 16
4471 16
4472 17
4473 17
4474 17
4475 17
4476 17
4477 17
4478 17
4479 17
4480 17
4481 17
4482 17
4483 17
4484 17
4485 17
4486 17
4487 17
4488 17
4489 18
4490 18
4491 18
4492 18
4493 18
4494 18
4495 18
4496 18
4497 18
4498 18
4499 18
4500 18
4501 18
4502 18
4503 18
4504 18
4505 18
4506 18
4507 19
4508 19
4509 19
4510 19
4511 19
4512 19
4513 19
4514 19
4515 19
4516 19
4517 19
4518 19
4519 19
4520 19
4521 19
4522 19
4523 19
4524 19
4525 19
4526 20
4527 20
4528 20
4529 20
4530 20
4531 20
4532 20
4533 20
4534 20
4535 20
4536 20
4537 20
4538 20
4539 20
4540 20
4541 20
4542 10
4543 10
4544 10
4545 10
4546 11
4547 11
4548 11
4549 11
4550 11
4551 11
4552 11
4553 11
4554 11
4555 11
4556 11
4557 12
4558 12
4559 12
4560 12
4561 12
4562 12
4563 12
4564 12
4565 12
4566 12
4567 12
4568 12
4569 13
4570 13
4571 13
4572 13
4573 13
4574 13
4575 13
4576 13
4577 13
4578 13
4579 13
4580 13
4581 13
4582 14
4583 14
4584 14
4585 14
4586 14
4587 14
4588 14
4589 14
4590 14
4591 14
4592 14
4593 7
4594 7
4595 7
4596 8
4597 8
4598 8
4599 8
4600 8
4601 8
4602 8
4603 8
4604 9
4605 9
4606 9
4607 9
4608 9
4609 9
4610 9
4611 9
4612 9
4613 10
4614 10
4615 10
4616 10
4617 10
4618 10
4619 10
4620 10
4621 10
4622 10
4623 11
4624 11
4625 11
4626 11
4627 11
4628 11
4629 11
4630 11
4631 11
4632 11
4633 11
4634 12
4635 12
4636 12
4637 12
4638 12
4639 12
4640 12
4641 12
4642 12
4643 12
4644 12
4645 12
4646 13
4647 13
4648 13
4649 13
4650 13
4651 13
4652 13
4653 13
4654 13
4655 13
4656 13
4657 13
4658 13
4659 14
4660 14
4661 14
4662 14
4663 7
4664 7
4665 7
4666 3
4667 3
4668 3
4669 3
4670 3
4671 3
4672 3
4673 4
4674 4
4675 4
4676 4
4677 3
4678 3
4679 3
4680 4
4681 4
4682 4
4683 4
4684 5
4685 5
4686 5
4687 5
4688 5
4689 6
4690 6
4691 6
4692 6
4693 6
4694 6
4695 7
4696 7
4697 7
4698 7
4699 7
4700 7
4701 7
4702 8
4703 8
4704 8
4705 8
4706 8
4707 8
4708 8
4709 8
4710 9
4711 9
4712 9
4713 9
4714 9
4715 9
4716 9
4717 9
4718 9
4719 10
4720 10
4721 10
4722 10
4723 10
4724 10
4725 10
4726 10
4727 10
4728 10
4729 11
4730 11
4731 11
4732 11
4733 11
4734 11
4735 11
4736 11
4737 11
4738 11
4739 11
4740 12
4741 12
4742 12
4743 12
4744 12
4745 12
4746 12
4747 12
4748 12
4749 12
4750 12
4751 12
4752 13
4753 13
4754 13
4755 13
4756 13
4757 13
4758 13
4759 13
4760 13
4761 13
4762 13
4763 13
4764 13
4765 14
4766 14
4767 14
4768 14
4769 14
4770 14
4771 14
4772 14
4773 14
4774 14
4775 14
4776 14
4777 14
4778 14
4779 15
4780 15
4781 15
4782 15
4783 15
4784 15
4785 15
4786 15
4787 15
4788 15
4789 15
4790 15
4791 15
4792 15
4793 15
4794 16
4795 16
4796 16
4797 16
4798 16
4799 8
4800 8
4801 8
4802 8
4803 8
4804 8
4805 8
4806 8
4807 8
4808 8
4809 8
4810 9
4811 9
4812 9
4813 9
4814 9
4815 9
4816 9
4817 9
4818 9
4819 10
4820 10
4821 10
4822 10
4823 10
4824 10
4825 10
4826 10
4827 10
4828 10
4829 11
4830 11
4831 11
4832 11
4833 11
4834 11
4835 11
4836 11
4837 11
4838 11
4839 11
4840 12
4841 12
4842 12
4843 12
4844 12
4845 12
4846 12
4847 12
4848 12
4849 12
4850 12
4851 12
4852 13
4853 13
4854 13
4855 13
4856 13
4857 13
4858 13
4859 13
4860 13
4861 13
4862 13
4863 13
4864 13
4865 14
4866 14
4867 14
4868 14
4869 14
4870 14
4871 14
4872 14
4873 14
4874 14
4875 14
4876 14
4877 14
4878 14
4879 15
4880 15
4881 15
4882 15
4883 15
4884 15
4885 15
4886 15
4887 15
4888 15
4889 15
4890 15
4891 15
4892 15
4893 15
4894 16
4895 16
4896 16
4897 16
4898 16
4899 16
4900 16
4901 16
4902 16
4903 16
4904 16
4905 16
4906 16
4907 16
4908 16
4909 16
4910 17
4911 17
4912 17
4913 17
4914 17
4915 17
4916 17
4917 17
4918 17
4919 17
4920 17
4921 17
4922 17
4923 17
4924 17
4925 17
4926 17
4927 18
4928 18
4929 18
4930 18
4931 18
4932 18
4933 18
4934 18
4935 18
4936 18
4937 18
4938 18
4939 18
4940 18
4941 18
4942 18
4943 18
4944 18
4945 19
4946 19
4947 19
4948 19
4949 19
4950 19
4951 19
4952 19
4953 19
4954 19
4955 19
4956 19
4957 19
4958 19
4959 19
4960 19
4961 19
4962 19
4963 19
4964 20
4965 20
4966 20
4967 20
4968 20
4969 20
4970 20
4971 20
4972 20
4973 20
4974 20
4975 20
4976 20
4977 20
4978 20
4979 20
4980 20
4981 20
4982 20
4983 20
4984 21
4985 21
4986 21
4987 21
4988 21
4989 21
4990 21
4991 21
4992 21
4993 21
4994 21
4995 21
4996 21
4997 21
4998 21
4999 21
5000 21
5001 21
5002 21
5003 21
5004 21
5005 22
5006 22
5007 22
5008 22
5009 22
5010 22
5011 22
5012 22
5013 22
5014 22
5015 22
5016 22
5017 22
5018 22
5019 22
5020 22
5021 22
5022 22
5023 22
5024 22
5025 22
5026 22
5027 23
5028 23
5029 23
5030 23
5031 23
5032 2
5033 3
5034 4
5035 5
5036 6
5037 7
5038 8
5039 9
5040 10
5041 11
5042 12
5043 13
5044 14
5045 15
5046 16
5047 17
5048 18
5049 19
5050 20
5051 20
5052 20
5053 20
5054 20
5055 20
5056 20
5057 20
5058 20
5059 20
5060 20
5061 20
5062 20
5063 20
5064 20
5065 20
5066 20
5067 20
5068 20
5069 20
5070 21
5071 21
5072 21
5073 21
5074 21
5075 21
5076 21
5077 21
5078 21
5079 21
5080 21
5081 21
5082 21
5083 21
5084 21
5085 21
5086 21
5087 21
5088 21
5089 21
5090 21
5091 22
5092 22
5093 22
5094 22
5095 22
5096 22
5097 22
5098 22
5099 22
5100 22
5101 22
5102 22
5103 22
5104 22
5105 22
5106 22
5107 22
5108 22
5109 22
5110 22
5111 22
5112 22
5113 23
5114 23
5115 23
5116 23
5117 23
5118 23
5119 23
5120 23
5121 23
5122 23
5123 23
5124 23
5125 23
5126 23
5127 23
5128 23
5129 23
5130 23
5131 23
5132 23
5133 23
5134 23
5135 23
5136 24
5137 24
5138 24
5139 24
5140 24
5141 24
5142 24
5143 24
5144 24
5145 24
5146 24
5147 24
5148 24
5149 24
5150 24
5151 24
5152 24
5153 24
5154 24
5155 24
5156 24
5157 24
5158 24
5159 24
5160 25
5161 25
5162 25
5163 25
5164 25
5165 25
5166 25
5167 25
5168 25
5169 25
5170 25
5171 25
5172 25
5173 25
5174 25
5175 25
5176 25
5177 25
5178 25
5179 25
5180 25
5181 25
5182 25
5183 25
5184 25
5185 26
5186 26
5187 26
5188 26
5189 26
5190 26
5191 26
5192 26
5193 26
5194 26
5195 26
5196 26
5197 26
5198 26
5199 26
5200 26
5201 26
5202 26
5203 26
5204 26
5205 26
5206 26
5207 26
5208 26
5209 26
5210 26
5211 27
5212 27
5213 27
5214 27
5215 27
5216 27
5217 27
5218 27
5219 27
5220 27
5221 27
5222 27
5223 27
5224 27
5225 27
5226 27
5227 27
5228 27
5229 27
5230 27
5231 27
5232 27
5233 27
5234 27
5235 27
5236 27
5237 27
5238 28
5239 28
5240 28
5241 28
5242 28
5243 28
5244 28
5245 28
5246 28
5247 28
5248 28
5249 28
5250 28
5251 28
5252 28
5253 28
5254 28
5255 28
5256 28
5257 28
5258 28
5259 28
5260 28
5261 28
5262 28
5263 28
5264 28
5265 28
5266 29
5267 29
5268 29
5269 29
5270 29
5271 29
5272 29
5273 29
5274 29
5275 29
5276 29
5277 29
5278 29
5279 29
5280 29
5281 29
5282 29
5283 29
5284 29
5285 29
5286 29
5287 29
5288 29
5289 29
5290 29
5291 29
5292 29
5293 29
5294 29
5295 15
5296 15
5297 15
5298 15
5299 15
5300 15
5301 15
5302 15
5303 15
5304 15
5305 15
5306 15
5307 15
5308 15
5309 15
5310 16
5311 16
5312 16
5313 16
5314 16
5315 16
5316 16
5317 16
5318 16
5319 16
5320 16
5321 16
5322 16
5323 16
5324 16
5325 16
5326 17
5327 17
5328 17
5329 17
5330 17
5331 17
5332 17
5333 17
5334 17
5335 17
5336 17
5337 17
5338 17
5339 17
5340 17
5341 17
5342 17
5343 18
5344 18
5345 18
5346 18
5347 18
5348 18
5349 18
5350 18
5351 18
5352 18
5353 18
5354 18
5355 18
5356 18
5357 18
5358 18
5359 18
5360 18
5361 19
5362 19
5363 19
5364 19
5365 19
5366 19
5367 19
5368 19
5369 19
5370 19
5371 19
5372 19
5373 19
5374 19
5375 19
5376 19
5377 19
5378 19
5379 19
5380 20
5381 20
5382 20
5383 20
5384 20
5385 20
5386 20
5387 20
5388 20
5389 20
5390 20
5391 20
5392 20
5393 20
5394 20
5395 20
5396 20
5397 20
5398 20
5399 20
5400 21
5401 21
5402 21
5403 21
5404 21
5405 21
5406 21
5407 21
5408 21
5409 21
5410 21
5411 21
5412 21
5413 21
5414 21
5415 2
5416 3
5417 4
5418 5
5419 6
5420 7
5421 8
5422 9
5423 10
5424 11
5425 12
5426 13
5427 14
5428 15
5429 16
5430 16
5431 16
5432 16
5433 16
5434 16
5435 16
5436 16
5437 16
5438 16
5439 16
5440 16
5441 16
5442 16
5443 16
5444 16
5445 17
5446 17
5447 17
5448 17
5449 17
5450 17
5451 17
5452 17
5453 17
5454 17
5455 17
5456 17
5457 8
5458 8
5459 8
5460 8
5461 8
5462 9
5463 9
5464 9
5465 9
5466 9
5467 9
5468 9
5469 9
5470 9
5471 10
5472 10
5473 10
5474 10
5475 10
5476 10
5477 10
5478 10
5479 10
5480 10
5481 11
5482 11
5483 11
5484 11
5485 11
5486 11
5487 11
5488 11
5489 11
5490 11
5491 11
5492 12
5493 12
5494 12
5495 12
5496 12
5497 12
5498 12
5499 12
5500 12
5501 12
5502 12
5503 12
5504 13
5505 13
5506 13
5507 13
5508 13
5509 13
5510 13
5511 6
5512 6
5513 6
5514 6
5515 6
5516 6
5517 7
5518 7
5519 7
5520 7
5521 7
5522 7
5523 7
5524 8
5525 8
5526 8
5527 8
5528 4
5529 4
5530 2
5531 3
5532 4
5533 4
5534 4
5535 4
5536 5
5537 5
5538 5
5539 5
5540 5
5541 6
5542 6
5543 6
5544 6
5545 6
5546 6
5547 7
5548 7
5549 7
5550 7
5551 7
5552 7
5553 7
5554 8
5555 8
5556 8
5557 8
5558 8
5559 8
5560 8
5561 8
5562 9
5563 9
5564 9
5565 9
5566 9
5567 9
5568 2
5569 3
5570 4
5571 5
5572 5
5573 5
5574 5
5575 5
5576 6
5577 6
5578 6
5579 6
5580 6
5581 6
5582 7
5583 7
5584 7
5585 7
5586 7
5587 7
5588 7
5589 8
5590 8
5591 8
5592 8
5593 8
5594 8
5595 8
5596 8
5597 9
5598 9
5599 9
5600 9
5601 9
5602 9
5603 9
5604 9
5605 9
5606 10
5607 10
5608 10
5609 10
5610 10
5611 10
5612 10
5613 10
5614 10
5615 10
5616 11
5617 11
5618 11
5619 11
5620 11
5621 11
5622 11
5623 11
5624 11
5625 11
5626 11
5627 12
5628 12
5629 12
5630 12
5631 12
5632 12
5633 12
5634 12
5635 12
5636 12
5637 12
5638 12
5639 13
5640 13
5641 13
5642 13
5643 13
5644 13
5645 13
5646 13
5647 13
5648 13
5649 13
5650 13
5651 13
5652 14
5653 14
5654 14
5655 14
5656 14
5657 14
5658 14
5659 14
5660 14
5661 14
5662 14
5663 14
5664 14
5665 14
5666 15
5667 15
5668 15
5669 15
5670 15
5671 15
5672 15
5673 15
5674 15
5675 15
5676 15
5677 15
5678 15
5679 15
5680 15
5681 16
5682 16
5683 16
5684 16
5685 16
5686 16
5687 16
5688 16
5689 16
5690 16
5691 16
5692 16
5693 16
5694 16
5695 16
5696 16
5697 17
5698 17
5699 17
5700 17
5701 17
5702 17
5703 17
5704 17
5705 17
5706 17
5707 17
5708 17
5709 17
5710 17
5711 17
5712 17
5713 17
5714 18
5715 18
5716 18
5717 18
5718 18
5719 18
5720 18
5721 18
5722 18
5723 18
5724 18
5725 18
5726 18
5727 18
5728 18
5729 18
5730 18
5731 18
5732 19
5733 19
5734 19
5735 19
5736 19
5737 19
5738 19
5739 19
5740 19
5741 19
5742 19
5743 19
5744 19
5745 19
5746 19
5747 19
5748 19
5749 19
5750 19
5751 20
5752 20
5753 20
5754 20
5755 20
5756 20
5757 20
5758 20
5759 20
5760 20
5761 20
5762 20
5763 20
5764 20
5765 20
5766 20
5767 20
5768 20
5769 20
5770 20
5771 21
5772 21
5773 21
5774 21
5775 21
5776 21
5777 21
5778 21
5779 21
5780 21
5781 21
5782 21
5783 21
5784 21
5785 21
5786 21
5787 21
5788 21
5789 21
5790 21
5791 21
5792 22
5793 22
5794 22
5795 22
5796 22
5797 22
5798 22
5799 22
5800 22
5801 22
5802 22
5803 22
5804 22
5805 22
5806 22
5807 22
5808 22
5809 22
5810 22
5811 22
5812 22
5813 22
5814 23
5815 23
5816 23
5817 23
5818 23
5819 23
5820 23
5821 23
5822 23
5823 23
5824 23
5825 23
5826 23
5827 23
5828 23
5829 23
5830 23
5831 23
5832 23
5833 23
5834 23
5835 23
5836 23
5837 24
5838 24
5839 24
5840 24
5841 24
5842 24
5843 24
5844 24
5845 24
5846 24
5847 24
5848 24
5849 24
5850 24
5851 24
5852 24
5853 24
5854 24
5855 24
5856 24
5857 24
5858 24
5859 24
5860 24
5861 25
5862 25
5863 25
5864 25
5865 25
5866 25
5867 25
5868 25
5869 25
5870 25
5871 25
5872 25
5873 25
5874 25
5875 25
5876 25
5877 25
5878 25
5879 25
5880 25
5881 25
5882 25
5883 25
5884 25
5885 25
5886 26
5887 26
5888 26
5889 26
5890 26
5891 26
5892 26
5893 26
5894 26
5895 26
5896 26
5897 26
5898 26
5899 26
5900 26
5901 26
5902 26
5903 26
5904 26
5905 26
5906 26
5907 26
5908 26
5909 26
5910 26
5911 26
5912 27
5913 27
5914 27
5915 27
5916 27
5917 27
5918 27
5919 27
5920 27
5921 27
5922 27
5923 27
5924 27
5925 27
5926 27
5927 27
5928 27
5929 27
5930 27
5931 27
5932 27
5933 27
5934 27
5935 27
5936 27
5937 27
5938 27
5939 28
5940 28
5941 28
5942 28
5943 28
5944 28
5945 28
5946 28
5947 28
5948 28
5949 28
5950 28
5951 28
5952 28
5953 28
5954 28
5955 28
5956 28
5957 14
5958 14
5959 14
5960 14
5961 14
5962 14
5963 14
5964 14
5965 14
5966 14
5967 15
5968 15
5969 15
5970 15
5971 15
5972 15
5973 15
5974 15
5975 15
5976 15
5977 15
5978 15
5979 15
5980 15
5981 15
5982 16
5983 16
5984 16
5985 16
5986 16
5987 16
5988 16
5989 16
5990 16
5991 16
5992 16
5993 16
5994 16
5995 16
5996 16
5997 16
5998 17
5999 17
6000 17
6001 17
6002 17
6003 17
6004 17
6005 17
6006 17
6007 17
6008 17
6009 17
6010 17
6011 17
6012 17
6013 17
6014 17
6015 18
6016 18
6017 18
6018 18
6019 18
6020 18
6021 18
6022 18
6023 18
6024 18
6025 18
6026 18
6027 18
6028 18
6029 18
6030 18
6031 18
6032 18
6033 19
6034 19
6035 19
6036 19
6037 19
6038 19
6039 19
6040 19
6041 19
6042 19
6043 19
6044 19
6045 19
6046 19
6047 19
6048 19
6049 19
6050 19
6051 19
6052 20
6053 20
6054 20
6055 20
6056 20
6057 20
6058 20
6059 20
6060 20
6061 20
6062 20
6063 20
6064 20
6065 20
6066 20
6067 20
6068 20
6069 20
6070 20
6071 20
6072 21
6073 21
6074 21
6075 21
6076 21
6077 21
6078 21
6079 21
6080 21
6081 21
6082 21
6083 21
6084 21
6085 21
6086 21
6087 21
6088 21
6089 21
6090 21
6091 21
6092 21
6093 22
6094 22
6095 22
6096 22
6097 22
6098 22
6099 22
6100 22
6101 22
6102 22
6103 22
6104 22
6105 22
6106 22
6107 22
6108 22
6109 22
6110 22
6111 22
6112 22
6113 22
6114 22
6115 23
6116 23
6117 23
6118 23
6119 23
6120 23
6121 23
6122 23
6123 23
6124 23
6125 23
6126 23
6127 23
6128 23
6129 23
6130 23
6131 23
6132 23
6133 23
6134 23
6135 23
6136 23
6137 23
6138 24
6139 24
6140 24
6141 24
6142 24
6143 24
6144 24
6145 24
6146 24
6147 24
6148 24
6149 24
6150 24
6151 24
6152 24
6153 24
6154 24
6155 24
6156 24
6157 24
6158 24
6159 24
6160 24
6161 24
6162 25
6163 25
6164 25
6165 25
6166 25
6167 25
6168 25
6169 25
6170 25
6171 25
6172 25
6173 25
6174 25
6175 25
6176 25
6177 25
6178 25
6179 25
6180 25
6181 25
6182 25
6183 25
6184 25
6185 25
6186 25
6187 26
6188 26
6189 26
6190 26
6191 26
6192 26
6193 26
6194 26
6195 26
6196 26
6197 26
6198 26
6199 26
6200 26
6201 26
6202 26
6203 26
6204 26
6205 26
6206 26
6207 26
6208 26
6209 26
6210 26
6211 26
6212 26
6213 27
6214 27
6215 27
6216 27
6217 27
6218 27
6219 27
6220 27
6221 27
6222 27
6223 27
6224 27
6225 27
6226 27
6227 27
6228 27
6229 27
6230 27
6231 27
6232 27
6233 27
6234 27
6235 27
6236 27
6237 27
6238 27
6239 27
6240 28
6241 28
6242 28
6243 28
6244 28
6245 28
6246 28
6247 28
6248 28
6249 28
6250 28
6251 28
6252 28
6253 28
6254 28
6255 28
6256 28
6257 28
6258 28
6259 28
6260 28
6261 28
6262 28
6263 28
6264 28
6265 28
6266 28
6267 28
6268 29
6269 29
6270 29
6271 29
6272 29
6273 29
6274 29
6275 29
6276 29
6277 29
6278 29
6279 29
6280 29
6281 29
6282 29
6283 29
6284 29
6285 29
6286 29
6287 29
6288 29
6289 29
6290 29
6291 29
6292 29
6293 29
6294 29
6295 29
6296 29
6297 30
6298 30
6299 30
6300 30
6301 30
6302 30
6303 30
6304 30
6305 30
6306 30
6307 30
6308 30
6309 30
6310 30
6311 30
6312 30
6313 30
6314 30
6315 30
6316 30
6317 30
6318 30
6319 2
6320 3
6321 4
6322 5
6323 6
6324 7
6325 8
6326 9
6327 10
6328 11
6329 12
6330 13
6331 14
6332 15
6333 16
6334 17
6335 18
6336 19
6337 20
6338 20
6339 20
6340 20
6341 20
6342 20
6343 20
6344 20
6345 20
6346 20
6347 20
6348 20
6349 20
6350 20
6351 20
6352 20
6353 20
6354 20
6355 20
6356 20
6357 21
6358 21
6359 21
6360 21
6361 21
6362 21
6363 21
6364 21
6365 21
6366 21
6367 21
6368 21
6369 21
6370 21
6371 21
6372 21
6373 21
6374 21
6375 21
6376 21
6377 21
6378 22
6379 22
6380 22
6381 22
6382 22
6383 22
6384 22
6385 22
6386 22
6387 22
6388 22
6389 22
6390 22
6391 22
6392 22
6393 22
6394 22
6395 22
6396 22
6397 22
6398 22
6399 22
6400 23
6401 23
6402 23
6403 23
6404 23
6405 23
6406 23
6407 23
6408 23
6409 23
6410 23
6411 23
6412 23
6413 23
6414 23
6415 23
6416 23
6417 23
6418 23
6419 23
6420 23
6421 23
6422 23
6423 24
6424 24
6425 24
6426 24
6427 24
6428 24
6429 24
6430 24
6431 24
6432 24
6433 24
6434 24
6435 24
6436 24
6437 24
6438 24
6439 24
6440 24
6441 24
6442 24
6443 24
6444 24
6445 24
6446 24
6447 25
6448 25
6449 25
6450 25
6451 25
6452 25
6453 25
6454 25
6455 25
6456 25
6457 25
6458 25
6459 25
6460 25
6461 25
6462 25
6463 25
6464 25
6465 25
6466 25
6467 25
6468 25
6469 25
6470 25
6471 25
6472 26
6473 26
6474 26
6475 26
6476 26
6477 26
6478 26
6479 26
6480 26
6481 26
6482 26
6483 26
6484 26
6485 26
6486 26
6487 26
6488 26
6489 26
6490 26
6491 26
6492 26
6493 26
6494 26
6495 26
6496 26
6497 26
6498 27
6499 27
6500 27
6501 27
6502 27
6503 27
6504 27
6505 27
6506 27
6507 27
6508 27
6509 27
6510 27
6511 27
6512 27
6513 27
6514 27
6515 27
6516 27
6517 27
6518 27
6519 27
6520 27
6521 27
6522 27
6523 27
6524 27
6525 28
6526 28
6527 28
6528 28
6529 28
6530 28
6531 28
6532 28
6533 28
6534 28
6535 28
6536 28
6537 28
6538 28
6539 28
6540 28
6541 28
6542 28
6543 28
6544 28
6545 28
6546 28
6547 28
6548 28
6549 28
6550 28
6551 28
6552 28
6553 29
6554 29
6555 29
6556 29
6557 29
6558 29
6559 29
6560 29
6561 29
6562 29
6563 14
6564 14
6565 14
6566 14
6567 14
6568 14
6569 14
6570 14
6571 14
6572 14
6573 14
6574 14
6575 14
6576 14
6577 14
6578 14
6579 14
6580 14
6581 14
6582 15
6583 15
6584 15
6585 15
6586 15
6587 15
6588 15
6589 15
6590 15
6591 15
6592 15
6593 15
6594 15
6595 7
6596 7
6597 8
6598 8
6599 8
6600 8
6601 8
6602 8
6603 8
6604 8
6605 9
6606 9
6607 9
6608 9
6609 9
6610 9
6611 9
6612 9
6613 9
6614 10
6615 10
6616 10
6617 10
6618 10
6619 10
6620 10
6621 10
6622 10
6623 10
6624 11
6625 11
6626 11
6627 11
6628 11
6629 11
6630 11
6631 11
6632 11
6633 11
6634 11
6635 12
6636 12
6637 12
6638 12
6639 12
6640 12
6641 12
6642 12
6643 12
6644 12
6645 12
6646 12
6647 13
6648 13
6649 13
6650 13
6651 13
6652 13
6653 13
6654 13
6655 13
6656 13
6657 13
6658 13
6659 13
6660 14
6661 14
6662 14
6663 14
6664 14
6665 14
6666 14
6667 14
6668 14
6669 14
6670 14
6671 14
6672 14
6673 14
6674 15
6675 15
6676 15
6677 15
6678 15
6679 15
6680 15
6681 15
6682 15
6683 15
6684 15
6685 15
6686 15
6687 15
6688 15
6689 16
6690 16
6691 16
6692 16
6693 16
6694 16
6695 16
6696 16
6697 16
6698 16
6699 16
6700 16
6701 16
6702 16
6703 16
6704 16
6705 17
6706 17
6707 17
6708 17
6709 17
6710 17
6711 17
6712 17
6713 17
6714 17
6715 17
6716 17
6717 17
6718 17
6719 17
6720 17
6721 17
6722 18
6723 18
6724 18
6725 18
6726 18
6727 18
6728 18
6729 18
6730 18
6731 18
6732 18
6733 18
6734 18
6735 18
6736 18
6737 18
6738 18
6739 18
6740 19
6741 19
6742 19
6743 19
6744 19
6745 19
6746 19
6747 19
6748 19
6749 19
6750 19
6751 19
6752 19
6753 19
6754 19
6755 19
6756 19
6757 19
6758 19
6759 20
6760 20
6761 20
6762 20
6763 20
6764 20
6765 20
6766 20
6767 20
6768 20
6769 20
6770 20
6771 20
6772 20
6773 20
6774 20
6775 20
6776 20
6777 20
6778 20
6779 21
6780 21
6781 21
6782 21
6783 21
6784 21
6785 21
6786 21
6787 21
6788 21
6789 21
6790 21
6791 21
6792 21
6793 21
6794 21
6795 21
6796 21
6797 21
6798 21
6799 21
6800 22
6801 22
6802 22
6803 22
6804 22
6805 22
6806 22
6807 22
6808 22
6809 22
6810 22
6811 22
6812 22
6813 22
6814 22
6815 22
6816 22
6817 22
6818 22
6819 22
6820 22
6821 22
6822 23
6823 23
6824 23
6825 23
6826 23
6827 23
6828 23
6829 23
6830 23
6831 23
6832 23
6833 23
6834 23
6835 23
6836 23
6837 23
6838 23
6839 23
6840 23
6841 23
6842 23
6843 23
6844 23
6845 24
6846 24
6847 24
6848 24
6849 24
6850 24
6851 24
6852 24
6853 24
6854 24
6855 24
6856 24
6857 24
6858 24
6859 24
6860 24
6861 24
6862 24
6863 24
6864 24
6865 24
6866 24
6867 24
6868 24
6869 25
6870 25
6871 25
6872 25
6873 25
6874 25
6875 25
6876 25
6877 25
6878 25
6879 25
6880 25
6881 25
6882 25
6883 25
6884 25
6885 25
6886 25
6887 25
6888 25
6889 25
6890 25
6891 25
6892 25
6893 25
6894 26
6895 26
6896 26
6897 26
6898 26
6899 26
6900 26
6901 26
6902 26
6903 26
6904 26
6905 26
6906 26
6907 26
6908 26
6909 26
6910 26
6911 26
6912 26
6913 26
6914 26
6915 26
6916 26
6917 26
6918 26
6919 26
6920 27
6921 27
6922 27
6923 27
6924 27
6925 27
6926 27
6927 27
6928 27
6929 27
6930 27
6931 27
6932 27
6933 27
6934 27
6935 27
6936 27
6937 27
6938 27
6939 27
6940 27
6941 27
6942 27
6943 27
6944 27
6945 27
6946 27
6947 28
6948 28
6949 28
6950 28
6951 28
6952 28
6953 28
6954 28
6955 28
6956 28
6957 28
6958 28
6959 28
6960 28
6961 28
6962 28
6963 28
6964 28
6965 28
6966 28
6967 28
6968 28
6969 28
6970 28
6971 28
6972 28
6973 28
6974 28
6975 29
6976 29
6977 29
6978 29
6979 29
6980 29
6981 29
6982 29
6983 29
6984 29
6985 29
6986 29
6987 29
6988 29
6989 29
6990 29
6991 29
6992 29
6993 29
6994 29
6995 29
6996 29
6997 29
6998 29
6999 29
7000 29
7001 29
7002 29
7003 29
7004 30
7005 30
7006 30
7007 30
7008 30
7009 30
7010 30
7011 30
7012 30
7013 30
7014 30
7015 30
7016 30
7017 30
7018 30
7019 30
7020 30
7021 30
7022 30
7023 30
7024 30
7025 30
7026 30
7027 30
7028 30
7029 30
7030 30
7031 30
7032 30
7033 30
7034 31
7035 31
7036 31
7037 31
7038 31
7039 31
7040 31
7041 31
7042 31
7043 31
7044 31
7045 31
7046 31
7047 31
7048 31
7049 31
7050 31
7051 31
7052 31
7053 31
7054 31
7055 31
7056 31
7057 31
7058 31
7059 31
7060 31
7061 31
7062 31
7063 31
7064 31
7065 32
7066 32
7067 32
7068 32
7069 32
7070 32
7071 32
7072 32
7073 32
7074 32
7075 32
7076 32
7077 32
7078 32
7079 32
7080 32
7081 32
7082 32
7083 32
7084 32
7085 32
7086 32
7087 32
7088 32
7089 32
7090 32
7091 32
7092 32
7093 32
7094 32
7095 32
7096 32
7097 33
7098 33
7099 33
7100 33
7101 33
7102 33
7103 33
7104 33
7105 33
7106 33
7107 33
7108 33
7109 33
7110 33
7111 33
7112 33
7113 33
7114 33
7115 33
7116 33
7117 33
7118 33
7119 33
7120 33
7121 33
7122 33
7123 33
7124 33
7125 33
7126 33
7127 33
7128 33
7129 33
7130 34
7131 34
7132 34
7133 34
7134 34
7135 34
7136 34
7137 34
7138 34
7139 34
7140 34
7141 34
7142 34
7143 34
7144 34
7145 34
7146 34
7147 34
7148 34
7149 34
7150 34
7151 34
7152 34
7153 34
7154 34
7155 34
7156 34
7157 34
7158 34
7159 34
7160 34
7161 34
7162 34
7163 34
7164 35
7165 35
7166 35
7167 35
7168 35
7169 35
7170 35
7171 35
7172 35
7173 35
7174 35
7175 35
7176 35
7177 35
7178 35
7179 35
7180 35
7181 35
7182 35
7183 35
7184 35
7185 35
7186 35
7187 35
7188 35
7189 35
7190 35
7191 35
7192 35
7193 35
7194 35
7195 35
7196 35
7197 35
7198 35
7199 36
7200 36
7201 36
7202 36
7203 36
7204 36
7205 36
7206 36
7207 36
7208 36
7209 36
7210 36
7211 36
7212 36
7213 36
7214 36
7215 36
7216 36
7217 36
7218 36
7219 36
7220 36
7221 36
7222 36
7223 36
7224 36
7225 36
7226 36
7227 36
7228 36
7229 36
7230 36
7231 36
7232 36
7233 36
7234 36
7235 37
7236 37
7237 37
7238 37
7239 37
7240 37
7241 37
7242 37
7243 37
7244 37
7245 37
7246 37
7247 37
7248 37
7249 37
7250 37
7251 37
7252 37
7253 37
7254 37
7255 37
7256 37
7257 37
7258 37
7259 37
7260 37
7261 37
7262 37
7263 37
7264 37
7265 37
7266 37
7267 37
7268 37
7269 37
7270 37
7271 37
7272 38
7273 38
7274 38
7275 38
7276 38
7277 38
7278 38
7279 38
7280 38
7281 38
7282 38
7283 38
7284 38
7285 38
7286 38
7287 38
7288 38
7289 38
7290 38
7291 38
7292 38
7293 38
7294 38
7295 38
7296 38
7297 38
7298 38
7299 38
7300 38
7301 38
7302 38
7303 38
7304 38
7305 38
7306 38
7307 38
7308 38
7309 38
7310 39
7311 39
7312 39
7313 39
7314 39
7315 39
7316 39
7317 39
7318 39
7319 39
7320 39
7321 39
7322 39
7323 39
7324 39
7325 39
7326 39
7327 39
7328 39
7329 39
7330 39
7331 39
7332 39
7333 39
7334 39
7335 39
7336 39
7337 39
7338 39
7339 39
7340 39
7341 39
7342 39
7343 39
7344 39
7345 39
7346 39
7347 39
7348 39
7349 40
7350 40
7351 40
7352 40
7353 2
7354 3
7355 4
7356 5
7357 6
7358 7
7359 8
7360 9
7361 10
7362 11
7363 12
7364 13
7365 14
7366 15
7367 16
7368 17
7369 18
7370 19
7371 20
7372 21
7373 22
7374 23
7375 24
7376 25
7377 26
7378 27
7379 28
7380 29
7381 30
7382 31
7383 32
7384 33
7385 34
7386 35
7387 36
7388 37
7389 38
7390 38
7391 38
7392 38
7393 38
7394 38
7395 38
7396 38
7397 38
7398 38
7399 38
7400 38
7401 38
7402 38
7403 38
7404 38
7405 38
7406 38
7407 38
7408 38
7409 38
7410 38
7411 38
7412 38
7413 38
7414 38
7415 38
7416 38
7417 38
7418 38
7419 38
7420 38
7421 38
7422 38
7423 38
7424 38
7425 38
7426 38
7427 39
7428 39
7429 39
7430 39
7431 39
7432 39
7433 39
7434 39
7435 39
7436 39
7437 39
7438 39
7439 39
7440 39
7441 39
7442 39
7443 39
7444 39
7445 39
7446 39
7447 39
7448 39
7449 39
7450 39
7451 39
7452 39
7453 39
7454 39
7455 39
7456 39
7457 39
7458 39
7459 39
7460 39
7461 39
7462 39
7463 39
7464 39
7465 39
7466 40
7467 40
7468 40
7469 40
7470 40
7471 40
7472 40
7473 40
7474 40
7475 40
7476 40
7477 40
7478 40
7479 40
7480 40
7481 40
7482 40
7483 40
7484 40
7485 40
7486 40
7487 40
7488 40
7489 40
7490 40
7491 40
7492 40
7493 40
7494 40
7495 40
7496 40
7497 40
7498 40
7499 40
7500 40
7501 40
7502 40
7503 40
7504 40
7505 40
7506 41
7507 41
7508 41
7509 41
7510 41
7511 41
7512 41
7513 41
7514 41
7515 41
7516 41
7517 41
7518 41
7519 41
7520 41
7521 41
7522 41
7523 41
7524 41
7525 41
7526 41
7527 41
7528 41
7529 41
7530 41
7531 41
7532 41
7533 41
7534 41
7535 41
7536 41
7537 41
7538 41
7539 41
7540 41
7541 41
7542 41
7543 41
7544 41
7545 41
7546 41
7547 42
7548 42
7549 42
7550 42
7551 42
7552 42
7553 42
7554 42
7555 42
7556 42
7557 42
7558 42
7559 42
7560 42
7561 42
7562 42
7563 42
7564 42
7565 42
7566 42
7567 42
7568 42
7569 42
7570 42
7571 42
7572 42
7573 42
7574 42
7575 42
7576 42
7577 42
7578 42
7579 42
7580 42
7581 42
7582 42
7583 42
7584 42
7585 42
7586 42
7587 42
7588 42
7589 43
7590 43
7591 43
7592 43
7593 43
7594 43
7595 43
7596 43
7597 43
7598 43
7599 43
7600 43
7601 43
7602 43
7603 43
7604 43
7605 43
7606 43
7607 43
7608 43
7609 43
7610 43
7611 43
7612 43
7613 43
7614 43
7615 43
7616 43
7617 43
7618 43
7619 43
7620 43
7621 43
7622 43
7623 43
7624 43
7625 43
7626 43
7627 43
7628 43
7629 43
7630 43
7631 43
7632 44
7633 44
7634 44
7635 44
7636 44
7637 44
7638 44
7639 44
7640 44
7641 44
7642 44
7643 44
7644 44
7645 44
7646 44
7647 44
7648 44
7649 44
7650 44
7651 44
7652 44
7653 44
7654 44
7655 44
7656 44
7657 44
7658 44
7659 44
7660 44
7661 44
7662 44
7663 44
7664 44
7665 44
7666 44
7667 44
7668 44
7669 44
7670 44
7671 44
7672 44
7673 44
7674 44
7675 44
7676 45
7677 45
7678 45
7679 45
7680 45
7681 45
7682 45
7683 45
7684 45
7685 45
7686 45
7687 45
7688 45
7689 45
7690 45
7691 45
7692 45
7693 45
7694 45
7695 45
7696 45
7697 45
7698 45
7699 45
7700 45
7701 45
7702 45
7703 45
7704 45
7705 45
7706 45
7707 45
7708 45
7709 45
7710 45
7711 45
7712 45
7713 45
7714 45
7715 45
7716 45
7717 45
7718 45
7719 45
7720 45
7721 46
7722 46
7723 46
7724 46
7725 46
7726 46
7727 46
7728 46
7729 46
7730 46
7731 46
7732 46
7733 46
7734 46
7735 46
7736 46
7737 46
7738 46
7739 46
7740 46
7741 46
7742 46
7743 46
7744 46
7745 46
7746 46
7747 46
7748 46
7749 46
7750 46
7751 46
7752 46
7753 46
7754 46
7755 46
7756 46
7757 46
7758 46
7759 46
7760 46
7761 46
7762 46
7763 46
7764 46
7765 46
7766 46
7767 47
7768 47
7769 47
7770 47
7771 47
7772 47
7773 47
7774 47
7775 47
7776 47
7777 47
7778 47
7779 47
7780 47
7781 47
7782 47
7783 47
7784 47
7785 47
7786 47
7787 47
7788 47
7789 47
7790 47
7791 47
7792 47
7793 47
7794 47
7795 47
7796 47
7797 47
7798 47
7799 47
7800 47
7801 47
7802 47
7803 47
7804 47
7805 47
7806 47
7807 47
7808 47
7809 47
7810 47
7811 47
7812 47
7813 47
7814 48
7815 48
7816 48
7817 48
7818 48
7819 48
7820 48
7821 48
7822 48
7823 48
7824 48
7825 48
7826 48
7827 48
7828 48
7829 48
7830 48
7831 48
7832 48
7833 48
7834 48
7835 48
7836 48
7837 48
7838 48
7839 48
7840 48
7841 48
7842 48
7843 48
7844 48
7845 48
7846 48
7847 48
7848 48
7849 48
7850 48
7851 48
7852 48
7853 48
7854 48
7855 48
7856 48
7857 48
7858 48
7859 48
7860 48
7861 48
7862 49
7863 49
7864 49
7865 49
7866 49
7867 49
7868 49
7869 49
7870 49
7871 49
7872 49
7873 49
7874 49
7875 49
7876 49
7877 49
7878 49
7879 49
7880 49
7881 49
7882 49
7883 49
7884 49
7885 49
7886 49
7887 49
7888 49
7889 49
7890 49
7891 49
7892 49
7893 49
7894 49
7895 49
7896 49
7897 49
7898 49
7899 49
7900 49
7901 49
7902 49
7903 49
7904 49
7905 49
7906 49
7907 49
7908 49
7909 49
7910 49
7911 50
7912 50
7913 50
7914 50
7915 50
7916 50
7917 50
7918 50
7919 50
7920 50
7921 50
7922 50
7923 50
7924 50
7925 50
7926 50
7927 50
7928 50
7929 50
7930 50
7931 50
7932 50
7933 50
7934 50
7935 50
7936 50
7937 50
7938 50
7939 50
7940 50
7941 50
7942 50
7943 50
7944 50
7945 50
7946 50
7947 50
7948 50
7949 50
7950 50
7951 50
7952 50
7953 50
7954 50
7955 50
7956 50
7957 50
7958 50
7959 50
7960 50
7961 51
7962 51
7963 51
7964 51
7965 51
7966 51
7967 51
7968 51
7969 51
7970 51
7971 51
7972 51
7973 51
7974 51
7975 2
7976 3
7977 4
7978 5
7979 6
7980 7
7981 8
7982 9
7983 10
7984 11
7985 12
7986 13
7987 14
7988 15
7989 16
7990 17
7991 18
7992 19
7993 20
7994 21
7995 22
7996 23
7997 24
7998 25
7999 26
8000 27
8001 28
8002 29
8003 30
8004 31
8005 32
8006 33
8007 34
8008 35
8009 36
8010 37
8011 38
8012 39
8013 39
8014 39
8015 39
8016 39
8017 39
8018 39
8019 39
8020 39
8021 39
8022 39
8023 39
8024 39
8025 39
8026 39
8027 39
8028 39
8029 39
8030 39
8031 39
8032 39
8033 39
8034 39
8035 39
8036 39
8037 39
8038 39
8039 39
8040 39
8041 39
8042 39
8043 39
8044 39
8045 39
8046 39
8047 39
8048 39
8049 39
8050 39
8051 40
8052 40
8053 40
8054 40
8055 40
8056 40
8057 40
8058 40
8059 40
8060 40
8061 40
8062 40
8063 40
8064 40
8065 40
8066 40
8067 40
8068 40
8069 40
8070 40
8071 40
8072 40
8073 40
8074 40
8075 40
8076 40
8077 40
8078 40
8079 40
8080 40
8081 40
8082 40
8083 40
8084 40
8085 40
8086 40
8087 40
8088 40
8089 40
8090 40
8091 41
8092 41
8093 41
8094 2
8095 3
8096 4
8097 5
8098 6
8099 7
8100 8
8101 9
8102 10
8103 11
8104 12
8105 13
8106 14
8107 15
8108 16
8109 17
8110 18
8111 19
8112 20
8113 21
8114 22
8115 23
8116 24
8117 25
8118 26
8119 27
8120 28
8121 29
8122 30
8123 31
8124 32
8125 33
8126 34
8127 35
8128 36
8129 37
8130 38
8131 39
8132 40
8133 40
8134 40
8135 40
8136 40
8137 40
8138 40
8139 40
8140 40
8141 40
8142 40
8143 40
8144 40
8145 40
8146 40
8147 40
8148 40
8149 40
8150 40
8151 40
8152 40
8153 40
8154 40
8155 40
8156 40
8157 40
8158 40
8159 40
8160 40
8161 40
8162 40
8163 40
8164 40
8165 40
8166 40
8167 40
8168 40
8169 40
8170 40
8171 40
8172 41
8173 41
8174 41
8175 41
8176 41
8177 41
8178 41
8179 41
8180 41
8181 41
8182 41
8183 41
8184 41
8185 41
8186 41
8187 41
8188 41
8189 41
8190 41
8191 41
8192 41
8193 41
8194 41
8195 41
8196 41
8197 41
8198 41
8199 41
8200 41
8201 41
8202 41
8203 41
8204 41
8205 41
8206 41
8207 41
8208 41
8209 41
8210 41
8211 41
8212 41
8213 42
8214 42
8215 42
8216 42
8217 42
8218 42
8219 42
8220 42
8221 42
8222 42
8223 42
8224 42
8225 42
8226 42
8227 42
8228 42
8229 42
8230 42
8231 42
8232 42
8233 42
8234 42
8235 42
8236 42
8237 42
8238 42
8239 42
8240 42
8241 42
8242 42
8243 42
8244 42
8245 42
8246 42
8247 42
8248 42
8249 42
8250 42
8251 42
8252 42
8253 42
8254 42
8255 43
8256 43
8257 43
8258 43
8259 43
8260 43
8261 43
8262 43
8263 43
8264 43
8265 43
8266 43
8267 43
8268 43
8269 43
8270 43
8271 43
8272 43
8273 43
8274 43
8275 43
8276 43
8277 43
8278 43
8279 43
8280 43
8281 43
8282 43
8283 43
8284 43
8285 43
8286 43
8287 43
8288 43
8289 43
8290 43
8291 43
8292 43
8293 43
8294 43
8295 43
8296 43
8297 43
8298 44
8299 44
8300 44
8301 44
8302 44
8303 44
8304 44
8305 22
8306 22
8307 22
8308 22
8309 22
8310 22
8311 22
8312 22
8313 22
8314 22
8315 22
8316 22
8317 22
8318 22
8319 22
8320 22
8321 22
8322 22
8323 11
8324 11
8325 11
8326 11
8327 11
8328 11
8329 11
8330 11
8331 11
8332 11
8333 11
8334 11
8335 11
8336 11
8337 11
8338 11
8339 11
8340 11
8341 11
8342 12
8343 12
8344 12
8345 12
8346 12
8347 12
8348 12
8349 12
8350 12
8351 12
8352 12
8353 12
8354 13
8355 13
8356 13
8357 13
8358 13
8359 13
8360 13
8361 13
8362 13
8363 13
8364 13
8365 13
8366 13
8367 14
8368 14
8369 14
8370 14
8371 14
8372 14
8373 14
8374 14
8375 14
8376 14
8377 14
8378 14
8379 14
8380 14
8381 15
8382 15
8383 15
8384 15
8385 15
8386 15
8387 15
8388 15
8389 15
8390 15
8391 15
8392 15
8393 15
8394 15
8395 15
8396 16
8397 16
8398 16
8399 16
8400 16
8401 16
8402 16
8403 16
8404 16
8405 16
8406 16
8407 16
8408 16
8409 16
8410 16
8411 16
8412 17
8413 17
8414 17
8415 17
8416 17
8417 17
8418 17
8419 17
8420 17
8421 17
8422 17
8423 17
8424 17
8425 17
8426 17
8427 17
8428 17
8429 18
8430 18
8431 18
8432 18
8433 18
8434 18
8435 18
8436 18
8437 18
8438 18
8439 18
8440 18
8441 18
8442 18
8443 18
8444 18
8445 18
8446 18
8447 19
8448 19
8449 19
8450 19
8451 19
8452 19
8453 19
8454 19
8455 19
8456 19
8457 19
8458 19
8459 19
8460 19
8461 19
8462 19
8463 19
8464 19
8465 19
8466 20
8467 20
8468 20
8469 20
8470 20
8471 20
8472 20
8473 20
8474 20
8475 20
8476 20
8477 20
8478 20
8479 20
8480 20
8481 20
8482 20
8483 20
8484 20
8485 20
8486 21
8487 21
8488 21
8489 21
8490 21
8491 21
8492 21
8493 21
8494 21
8495 21
8496 21
8497 21
8498 21
8499 21
8500 21
8501 21
8502 21
8503 21
8504 21
8505 21
8506 21
8507 22
8508 22
8509 22
8510 22
8511 22
8512 22
8513 22
8514 22
8515 22
8516 22
8517 22
8518 22
8519 22
8520 22
8521 22
8522 22
8523 22
8524 22
8525 22
8526 22
8527 22
8528 22
8529 23
8530 23
8531 23
8532 23
8533 23
8534 23
8535 23
8536 23
8537 23
8538 23
8539 23
8540 23
8541 23
8542 23
8543 23
8544 23
8545 23
8546 23
8547 23
8548 23
8549 23
8550 23
8551 11
8552 12
8553 12
8554 12
8555 12
8556 12
8557 12
8558 12
8559 12
8560 12
8561 12
8562 12
8563 12
8564 13
8565 13
8566 13
8567 13
8568 13
8569 13
8570 13
8571 13
8572 13
8573 13
8574 13
8575 13
8576 13
8577 14
8578 14
8579 14
8580 14
8581 14
8582 14
8583 14
8584 14
8585 14
8586 14
8587 14
8588 14
8589 14
8590 14
8591 15
8592 15
8593 15
8594 15
8595 15
8596 15
8597 15
8598 15
8599 15
8600 15
8601 15
8602 15
8603 15
8604 15
8605 15
8606 16
8607 16
8608 16
8609 16
8610 16
8611 16
8612 16
8613 16
8614 16
8615 16
8616 16
8617 16
8618 16
8619 16
8620 16
8621 16
8622 17
8623 17
8624 17
8625 17
8626 17
8627 17
8628 17
8629 17
8630 17
8631 17
8632 17
8633 17
8634 17
8635 17
8636 17
8637 17
8638 17
8639 18
8640 18
8641 18
8642 18
8643 18
8644 18
8645 18
8646 18
8647 18
8648 18
8649 18
8650 18
8651 18
8652 18
8653 18
8654 18
8655 18
8656 18
8657 19
8658 19
8659 19
8660 19
8661 19
8662 19
8663 19
8664 19
8665 19
8666 19
8667 19
8668 19
8669 19
8670 19
8671 19
8672 19
8673 19
8674 19
8675 19
8676 20
8677 20
8678 20
8679 20
8680 20
8681 20
8682 20
8683 20
8684 20
8685 20
8686 20
8687 20
8688 20
8689 20
8690 20
8691 20
8692 20
8693 20
8694 20
8695 20
8696 21
8697 21
8698 21
8699 21
8700 21
8701 21
8702 21
8703 21
8704 21
8705 21
8706 21
8707 21
8708 21
8709 21
8710 21
8711 21
8712 21
8713 21
8714 21
8715 21
8716 21
8717 22
8718 22
8719 22
8720 22
8721 22
8722 22
8723 22
8724 22
8725 22
8726 22
8727 22
8728 22
8729 22
8730 22
8731 22
8732 22
8733 22
8734 22
8735 22
8736 22
8737 22
8738 22
8739 23
8740 23
8741 23
8742 23
8743 23
8744 23
8745 23
8746 23
8747 23
8748 23
8749 23
8750 23
8751 23
8752 23
8753 23
8754 23
8755 23
8756 23
8757 23
8758 23
8759 23
8760 23
8761 23
8762 24
8763 24
8764 24
8765 24
8766 24
8767 24
8768 24
8769 24
8770 24
8771 24
8772 24
8773 24
8774 24
8775 24
8776 24
8777 24
8778 24
8779 24
8780 24
8781 24
8782 24
8783 24
8784 24
8785 24
8786 25
8787 25
8788 25
8789 25
8790 25
8791 25
8792 25
8793 25
8794 25
8795 25
8796 25
8797 25
8798 25
8799 25
8800 25
8801 25
8802 25
8803 25
8804 25
8805 25
8806 25
8807 25
8808 25
8809 25
8810 25
8811 26
8812 26
8813 26
8814 26
8815 26
8816 26
8817 26
8818 26
8819 26
8820 26
8821 26
8822 26
8823 26
8824 26
8825 26
8826 26
8827 26
8828 26
8829 26
8830 26
8831 26
8832 26
8833 26
8834 26
8835 26
8836 26
8837 27
8838 27
8839 27
8840 27
8841 27
8842 27
8843 27
8844 27
8845 27
8846 27
8847 27
8848 27
8849 27
8850 27
8851 27
8852 27
8853 27
8854 27
8855 27
8856 27
8857 27
8858 27
8859 27
8860 27
8861 27
8862 27
8863 27
8864 28
8865 28
8866 28
8867 28
8868 28
8869 28
8870 28
8871 28
8872 28
8873 28
8874 28
8875 28
8876 28
8877 28
8878 28
8879 28
8880 28
8881 28
8882 28
8883 28
8884 28
8885 28
8886 28
8887 28
8888 28
8889 28
8890 28
8891 28
8892 29
8893 29
8894 29
8895 29
8896 29
8897 29
8898 29
8899 29
8900 29
8901 29
8902 29
8903 29
8904 29
8905 29
8906 29
8907 29
8908 29
8909 29
8910 29
8911 29
8912 29
8913 29
8914 29
8915 29
8916 29
8917 29
8918 29
8919 29
8920 29
8921 30
8922 30
8923 30
8924 30
8925 30
8926 30
8927 30
8928 30
8929 30
8930 30
8931 30
8932 30
8933 30
8934 30
8935 30
8936 30
8937 30
8938 30
8939 30
8940 30
8941 30
8942 30
8943 30
8944 30
8945 30
8946 30
8947 30
8948 30
8949 30
8950 30
8951 31
8952 31
8953 31
8954 31
8955 31
8956 31
8957 31
8958 31
8959 31
8960 31
8961 31
8962 31
8963 31
8964 31
8965 31
8966 31
8967 31
8968 31
8969 31
8970 31
8971 31
8972 31
8973 31
8974 31
8975 31
8976 31
8977 31
8978 31
8979 31
8980 31
8981 31
8982 32
8983 32
8984 32
8985 32
8986 32
8987 32
8988 32
8989 32
8990 32
8991 32
8992 32
8993 32
8994 32
8995 32
8996 32
8997 16
8998 16
8999 16
9000 16
9001 16
9002 16
9003 16
9004 16
9005 16
9006 16
9007 16
9008 16
9009 16
9010 16
9011 16
9012 16
9013 16
9014 17
9015 17
9016 17
9017 17
9018 17
9019 17
9020 17
9021 17
9022 17
9023 17
9024 17
9025 17
9026 17
9027 17
9028 17
9029 17
9030 17
9031 18
9032 18
9033 18
9034 18
9035 18
9036 18
9037 18
9038 18
9039 18
9040 18
9041 18
9042 18
9043 18
9044 18
9045 18
9046 18
9047 18
9048 18
9049 19
9050 19
9051 19
9052 19
9053 19
9054 19
9055 19
9056 19
9057 19
9058 19
9059 19
9060 19
9061 19
9062 19
9063 19
9064 19
9065 19
9066 19
9067 19
9068 20
9069 20
9070 20
9071 20
9072 20
9073 20
9074 20
9075 20
9076 20
9077 20
9078 20
9079 20
9080 20
9081 20
9082 20
9083 20
9084 20
9085 20
9086 20
9087 20
9088 21
9089 21
9090 21
9091 21
9092 21
9093 21
9094 2
9095 3
9096 4
9097 5
9098 6
9099 7
9100 8
9101 9
9102 10
9103 11
9104 12
9105 13
9106 14
9107 15
9108 16
9109 17
9110 17
9111 17
9112 17
9113 17
9114 17
9115 17
9116 17
9117 2
9118 3
9119 4
9120 5
9121 6
9122 7
9123 8
9124 9
9125 10
9126 11
9127 11
9128 11
9129 11
9130 11
9131 11
9132 11
9133 11
9134 11
9135 11
9136 11
9137 12
9138 12
9139 12
9140 12
9141 12
9142 12
9143 12
9144 12
9145 12
9146 12
9147 12
9148 12
9149 13
9150 13
9151 13
9152 13
9153 13
9154 13
9155 13
9156 13
9157 13
9158 13
9159 13
9160 13
9161 13
9162 14
9163 14
9164 14
9165 14
9166 14
9167 14
9168 14
9169 14
9170 14
9171 14
9172 14
9173 14
9174 14
9175 14
9176 15
9177 15
9178 15
9179 15
9180 15
9181 15
9182 15
9183 15
9184 15
9185 15
9186 15
9187 15
9188 15
9189 15
9190 15
9191 16
9192 16
9193 16
9194 16
9195 16
9196 16
9197 16
9198 16
9199 16
9200 16
9201 16
9202 16
9203 16
9204 16
9205 16
9206 16
9207 17
9208 17
9209 17
9210 8
9211 8
9212 4
9213 4
9214 4
9215 4
9216 4
9217 4
9218 4
9219 4
9220 4
9221 4
9222 4
9223 4
9224 5
9225 5
9226 5
9227 5
9228 5
9229 6
9230 6
9231 6
9232 6
9233 6
9234 6
9235 7
9236 7
9237 7
9238 7
9239 7
9240 7
9241 7
9242 8
9243 8
9244 8
9245 8
9246 8
9247 8
9248 8
9249 8
9250 9
9251 9
9252 9
9253 9
9254 9
9255 9
9256 9
9257 9
9258 9
9259 10
9260 10
9261 10
9262 10
9263 10
9264 10
9265 10
9266 10
9267 10
9268 10
9269 11
9270 11
9271 11
9272 11
9273 11
9274 11
9275 11
9276 11
9277 11
9278 11
9279 11
9280 12
9281 12
9282 12
9283 12
9284 12
9285 12
9286 12
9287 12
9288 12
9289 12
9290 12
9291 12
9292 13
9293 13
9294 13
9295 13
9296 13
9297 13
9298 13
9299 13
9300 13
9301 13
9302 13
9303 13
9304 13
9305 14
9306 14
9307 14
9308 14
9309 14
9310 14
9311 14
9312 14
9313 14
9314 14
9315 14
9316 14
9317 14
9318 14
9319 15
9320 15
9321 15
9322 15
9323 15
9324 15
9325 15
9326 15
9327 15
9328 15
9329 15
9330 15
9331 15
9332 15
9333 15
9334 16
9335 16
9336 16
9337 16
9338 16
9339 16
9340 16
9341 16
9342 16
9343 16
9344 16
9345 16
9346 16
9347 16
9348 16
9349 16
9350 17
9351 17
9352 17
9353 17
9354 17
9355 17
9356 17
9357 17
9358 17
9359 17
9360 17
9361 17
9362 17
9363 17
9364 17
9365 17
9366 17
9367 18
9368 18
9369 18
9370 18
9371 18
9372 18
9373 18
9374 18
9375 18
9376 18
9377 18
9378 18
9379 18
9380 18
9381 18
9382 18
9383 18
9384 18
9385 19
9386 19
9387 19
9388 19
9389 19
9390 19
9391 19
9392 19
9393 19
9394 19
9395 19
9396 19
9397 19
9398 19
9399 19
9400 19
9401 19
9402 19
9403 19
9404 20
9405 20
9406 20
9407 20
9408 20
9409 20
9410 20
9411 20
9412 20
9413 20
9414 20
9415 20
9416 20
9417 20
9418 20
9419 20
9420 20
9421 20
9422 20
9423 20
9424 21
9425 21
9426 21
9427 21
9428 21
9429 21
9430 21
9431 21
9432 21
9433 21
9434 21
9435 21
9436 21
9437 21
9438 21
9439 21
9440 21
9441 21
9442 21
9443 21
9444 21
9445 22
9446 22
9447 22
9448 22
9449 22
9450 22
9451 22
9452 22
9453 22
9454 22
9455 22
9456 22
9457 22
9458 22
9459 22
9460 22
9461 22
9462 22
9463 22
9464 22
9465 22
9466 22
9467 23
9468 23
9469 23
9470 23
9471 23
9472 23
9473 23
9474 23
9475 23
9476 23
9477 23
9478 23
9479 23
9480 23
9481 23
9482 23
9483 23
9484 23
9485 23
9486 23
9487 23
9488 23
9489 23
9490 24
9491 24
9492 24
9493 24
9494 24
9495 24
9496 24
9497 24
9498 24
9499 24
9500 24
9501 24
9502 24
9503 24
9504 24
9505 24
9506 24
9507 24
9508 24
9509 24
9510 24
9511 24
9512 24
9513 24
9514 25
9515 25
9516 25
9517 25
9518 25
9519 25
9520 25
9521 25
9522 25
9523 25
9524 25
9525 25
9526 25
9527 25
9528 25
9529 25
9530 25
9531 25
9532 25
9533 25
9534 25
9535 25
9536 25
9537 25
9538 25
9539 26
9540 26
9541 26
9542 26
9543 26
9544 26
9545 26
9546 26
9547 26
9548 26
9549 26
9550 26
9551 26
9552 26
9553 26
9554 26
9555 26
9556 26
9557 26
9558 26
9559 26
9560 26
9561 26
9562 26
9563 26
9564 26
9565 27
9566 27
9567 27
9568 27
9569 27
9570 27
9571 27
9572 27
9573 27
9574 27
9575 27
9576 27
9577 27
9578 27
9579 27
9580 27
9581 27
9582 27
9583 27
9584 27
9585 27
9586 27
9587 27
9588 27
9589 13
9590 13
9591 13
9592 14
9593 14
9594 14
9595 14
9596 14
9597 14
9598 14
9599 14
9600 14
9601 14
9602 14
9603 14
9604 14
9605 14
9606 15
9607 15
9608 15
9609 15
9610 15
9611 15
9612 15
9613 15
9614 15
9615 15
9616 15
9617 15
9618 15
9619 15
9620 15
9621 16
9622 16
9623 16
9624 16
9625 16
9626 16
9627 16
9628 16
9629 16
9630 16
9631 16
9632 16
9633 16
9634 8
9635 8
9636 8
9637 9
9638 9
9639 9
9640 9
9641 9
9642 9
9643 9
9644 9
9645 9
9646 10
9647 10
9648 10
9649 10
9650 10
9651 10
9652 2
9653 3
9654 4
9655 5
9656 6
9657 6
9658 6
9659 6
9660 6
9661 6
9662 7
9663 7
9664 7
9665 7
9666 7
9667 7
9668 7
9669 8
9670 8
9671 8
9672 8
9673 8
9674 8
9675 8
9676 8
9677 9
9678 9
9679 9
9680 9
9681 9
9682 9
9683 9
9684 9
9685 9
9686 10
9687 10
9688 10
9689 10
9690 10
9691 10
9692 10
9693 10
9694 10
9695 10
9696 11
9697 11
9698 11
9699 11
9700 11
9701 11
9702 11
9703 11
9704 11
9705 11
9706 11
9707 12
9708 12
9709 12
9710 12
9711 12
9712 12
9713 12
9714 12
9715 12
9716 12
9717 12
9718 12
9719 13
9720 13
9721 13
9722 13
9723 13
9724 13
9725 13
9726 13
9727 13
9728 13
9729 13
9730 13
9731 13
9732 14
9733 14
9734 14
9735 14
9736 14
9737 14
9738 14
9739 14
9740 14
9741 14
9742 14
9743 14
9744 14
9745 14
9746 15
9747 15
9748 15
9749 15
9750 15
9751 15
9752 15
9753 15
9754 15
9755 15
9756 15
9757 15
9758 15
9759 15
9760 15
9761 16
9762 16
9763 16
9764 16
9765 16
9766 16
9767 16
9768 16
9769 16
9770 16
9771 16
9772 16
9773 16
9774 16
9775 16
9776 16
9777 17
9778 17
9779 17
9780 17
9781 17
9782 17
9783 17
9784 17
9785 17
9786 17
9787 17
9788 17
9789 17
9790 17
9791 17
9792 17
9793 17
9794 18
9795 18
9796 18
9797 18
9798 18
9799 18
9800 18
9801 18
9802 18
9803 18
9804 18
9805 18
9806 18
9807 18
9808 18
9809 18
9810 18
9811 18
9812 19
9813 19
9814 19
9815 19
9816 19
9817 19
9818 19
9819 19
9820 19
9821 19
9822 19
9823 19
9824 19
9825 19
9826 19
9827 19
9828 19
9829 19
9830 19
9831 20
9832 20
9833 20
9834 20
9835 20
9836 20
9837 20
9838 20
9839 20
9840 20
9841 20
9842 20
9843 20
9844 20
9845 20
9846 20
9847 20
9848 20
9849 20
9850 20
9851 21
9852 21
9853 21
9854 21
9855 21
9856 21
9857 21
9858 21
9859 21
9860 21
9861 21
9862 21
9863 21
9864 21
9865 21
9866 21
9867 21
9868 21
9869 21
9870 21
9871 21
9872 22
9873 22
9874 22
9875 22
9876 22
9877 22
9878 22
9879 22
9880 11
9881 11
9882 11
9883 11
9884 11
9885 11
9886 11
9887 11
9888 11
9889 11
9890 11
9891 11
9892 11
9893 11
9894 12
9895 12
9896 12
9897 12
9898 12
9899 12
9900 12
9901 12
9902 12
9903 12
9904 12
9905 12
9906 13
9907 13
9908 13
9909 13
9910 13
9911 13
9912 13
9913 13
9914 13
9915 13
9916 13
9917 13
9918 13
9919 14
9920 14
9921 14
9922 14
9923 7
9924 7
9925 7
9926 7
9927 7
9928 7
9929 7
9930 7
9931 7
9932 7
9933 8
9934 8
9935 8
9936 8
9937 4
9938 4
9939 4
9940 4
9941 5
9942 5
9943 5
9944 5
9945 5
9946 6
9947 6
9948 6
9949 6
9950 6
9951 6
9952 7
9953 7
9954 7
9955 7
9956 7
9957 7
9958 7
9959 8
9960 8
9961 8
9962 8
9963 8
9964 8
9965 8
9966 8
9967 9
9968 9
9969 9
9970 9
9971 9
9972 9
9973 9
9974 9
9975 9
9976 10
9977 10
9978 10
9979 10
9980 10
9981 10
9982 10
9983 10
9984 10
9985 10
9986 11
9987 11
9988 11
9989 11
9990 5
9991 5
9992 5
9993 5
9994 5
9995 5
9996 5
9997 6
9998 6
9999 6
